model >>> CustomNNSequential(
  (0): Linear(in_features=79, out_features=64, bias=True)
  (1): ReLU()
  (2): Linear(in_features=64, out_features=32, bias=True)
  (3): ReLU()
  (4): Linear(in_features=32, out_features=23, bias=True)
  (5): ReLU()
  (6): Linear(in_features=23, out_features=1, bias=True)
)

train_loss >>> [2.7489483436907536, 2.740835362688387, 2.7329798293288268, 2.7252087585158513, 2.717583250051605, 2.710160288101126, 2.7030596848987534, 2.6963276283198394, 2.689828808773143, 2.683435266139193, 2.677051708798169, 2.670598307216704, 2.6640649070613973, 2.6574273498936005, 2.650641360518816, 2.643589242375456, 2.636176523674196, 2.6284196238551467, 2.620294336634213, 2.6117395257491802, 2.6027592988586554, 2.593295971128873, 2.583463579888909, 2.5732368402625987, 2.5624972933013743, 2.5512364658479747, 2.53963959003607, 2.5277220425296245, 2.5156585016227813, 2.503336308006544, 2.4906931290330236, 2.4778171971911243, 2.4647601583318792, 2.4515444363559173, 2.438214317098945, 2.4247944553979153, 2.4112393684584466, 2.3975939370613064, 2.38395667401575, 2.37034877430936, 2.356784495801168, 2.3433383091893356, 2.329896358030701, 2.316676127073883, 2.3036548717160508, 2.290745357307411, 2.2779959359985926, 2.26536785535701, 2.2529427204195605, 2.2406168525713843, 2.2284070533952374, 2.216511511307597, 2.204903458719683, 2.1933652680330926, 2.1820332255422437, 2.1708522223206903, 2.1599250512303136, 2.149203151093494, 2.1385140871563304, 2.1279839519482917, 2.117712106301445, 2.1074672784989126, 2.0973827319902005, 2.0875731606550776, 2.077781796529381, 2.068135796711799, 2.0588062766016226, 2.0496199119840846, 2.040573555233436, 2.0315030397779106, 2.022538953441584, 2.013800773286992, 2.0052048957262034, 1.9967535751734364, 1.9885332936187274, 1.980558813158423, 1.9728729126596982, 1.9655010404089341, 1.9582712186456666, 1.9510756113149486, 1.9442661342767829, 1.9376525955867085, 1.9312966943421968, 1.9251963445360691, 1.9193494647354878, 1.9136577481271966, 1.9080546625216706, 1.9025116201522734, 1.8971210739728344, 1.8919273755694985, 1.8868207139211053, 1.881934944343853, 1.8771567248826153, 1.8724807330923243, 1.8678700121725567, 1.8633418328266498, 1.8589778224271267, 1.8548186607453936, 1.8507785221538378, 1.8468034527493884, 1.8429707232427073, 1.8392718110298347, 1.8357718564845102, 1.832527548496141, 1.8294782196262163, 1.826587961939229, 1.8238519518570682, 1.8213023100237278, 1.8188758919808758, 1.8166167370057262, 1.814459798975469, 1.8123190680813919, 1.81029062025327, 1.8084551976218424, 1.806678373558626, 1.8049321791433637, 1.803233973920779, 1.801565183686747, 1.7999049734851793, 1.79827122782698, 1.7966830070351054, 1.7951158529465405, 1.7936136379361975, 1.7921372298331746, 1.7907062343732942, 1.7892939156383436, 1.7879244003249484, 1.7866018755098154, 1.7852965344002771, 1.784027359191165, 1.7827588010996318, 1.7814892212062974, 1.7802266448337531, 1.7789717701916834, 1.777715711275078, 1.7764845415203405, 1.7752446251242793, 1.7740085098531118, 1.7727664428685055, 1.7715392459665704, 1.7703196288895655, 1.7691039289559873, 1.7678945734547296, 1.7667005791074388, 1.7655305049049652, 1.7643761116103736, 1.7632314934264632, 1.7621034608359953, 1.7609757450248078, 1.75984886040392, 1.7587167748651775, 1.7575986868757518, 1.75648566931839, 1.7553854151070458, 1.7542759991745942, 1.753188795148987, 1.7520984801609334, 1.7510194543346709, 1.749938943743577, 1.7488545013107832, 1.7477986977613431, 1.7467418802989976, 1.7456777848277534, 1.7446183545565492, 1.743558769019283, 1.742504268629656, 1.7414601612745872, 1.7404134885129432, 1.7393663918948603, 1.7383065472431274, 1.7372617692196017, 1.7362221134234157, 1.7351843936916418, 1.7341400860757554, 1.7331044177415833, 1.7320689023590774, 1.7310341513633916, 1.7299985149137007, 1.7289558099183795, 1.727901726730222, 1.726853851786185, 1.725820339574887, 1.72478022634715, 1.7237404773532257, 1.7227103803471022, 1.7216825209905426, 1.720649295515823, 1.719619587086487, 1.7185979698475562, 1.717592568690422, 1.7166004479963517, 1.7156105647096667, 1.7146278164389193, 1.7136512682968938, 1.7126731560815582, 1.7117027038490173, 1.7107512734525707, 1.7098007308733811, 1.7088520043917026, 1.7079077112048062, 1.706963518551722, 1.7060455547514046, 1.7051256893267805, 1.704202614770337, 1.7032873793840002, 1.7023774006426715, 1.7014645485001159, 1.7005602118887266, 1.699649654270535, 1.6987564418955838, 1.6978688812304714, 1.6969691043696578, 1.6960974621992622, 1.6952281345123719, 1.6943641424234042, 1.6935023712178179, 1.6926329327339074, 1.6918026183157453, 1.6909621155158174, 1.6901190110618667, 1.6892808017686336, 1.6884447519361074, 1.6876176120866704, 1.6868031732911726, 1.685991477019786, 1.6851900314432795, 1.6843946098410039, 1.6836015576473649, 1.6828145206786134, 1.6820168119156984, 1.6812315986794373, 1.6804406375372152, 1.679661456087777, 1.678880128354404, 1.6781270921000282, 1.677361559061798, 1.6765949824608468, 1.675833092664923, 1.675074644597393, 1.6743164585763504, 1.6735742057559295, 1.6728347203254237, 1.672081621585919, 1.6713408571623185, 1.67060200374699, 1.6698715137491824, 1.669149330803524, 1.6684207089646688, 1.667708688447242, 1.6669978981178752, 1.6662894072638104, 1.6655763956384975, 1.6648724036219316, 1.6641752648680646, 1.6634942797614174, 1.6628135845717555, 1.6621292081263888, 1.6614336152236322, 1.6607507255741947, 1.6600630949913968, 1.6593798762230791, 1.6586910697595236, 1.657999025131313, 1.6572949752714727, 1.6566027951108904, 1.6559118145553633, 1.6552287206846976, 1.6545439069981407, 1.653862239764037, 1.6531755851407988, 1.6524864765388967, 1.6517979739275586, 1.6511021428988513, 1.6504087238276688, 1.6497129652804559, 1.6490214879971292, 1.6483324551231189, 1.647638239447157, 1.6469489079563189, 1.6462599594543994, 1.6455766322423044, 1.644900472415086, 1.6442243233824558, 1.643560041896796, 1.6428871641048188, 1.6422179563312658, 1.6415499787688441, 1.640887369564506, 1.6402245361019334, 1.6395627861176512, 1.6389145183895055, 1.6382652585889355, 1.6376247467102323, 1.6369804571100086, 1.6363329623490643, 1.6356868282965438, 1.6350454936995564, 1.6344055606898107, 1.63376421172769, 1.6331336448329399, 1.632498786077888, 1.6318670651289164, 1.6312357049559896, 1.6306151344989497, 1.6299996244577604, 1.629388693963773, 1.628776645898982, 1.62818282840251, 1.6275882402693478, 1.6269908898819465, 1.6263905993688224, 1.625789752128943, 1.6251956032444885, 1.624610226811207, 1.6240253421449138, 1.6234387588526087, 1.622852241772419, 1.6222806767044837, 1.6217292575455717, 1.621169296167927, 1.6206208976642154, 1.620069395470177, 1.6195166404281012, 1.6189548326266054, 1.6184107443960711, 1.6178767930064866, 1.6173378769703592, 1.6168002553080605, 1.6162634611233244, 1.615722564797177, 1.6151827152628448, 1.6146418056262488, 1.6140984149305373, 1.6135615811854576, 1.613033827794767, 1.6125011872361077, 1.6119670478040133, 1.6114340744532634, 1.6109084145345802, 1.6103790824335473, 1.6098524007376267, 1.6093289352117113, 1.6088037006989573, 1.6082757600623854, 1.6077531711106787, 1.6072270980951313, 1.6066961232906987, 1.6061718633647788, 1.6056454171808288, 1.6051158559588357, 1.6045949425363413, 1.6040764334932218, 1.6035571647282074, 1.6030386726261683, 1.602523100044823, 1.6020201547322406, 1.601503016253957, 1.600991469952456, 1.6004894583799856, 1.5999710722137683, 1.5994614085732182, 1.598956659692043, 1.598448849676825, 1.5979501501235682, 1.5974463501805358, 1.596957504418942, 1.5964787443349298, 1.5959983582127641, 1.5955397473913846, 1.5950678266640175, 1.5945916592410827, 1.594121344921659, 1.5936666649319435, 1.5932115550437274, 1.5927551909681674, 1.592290701809863, 1.5918428292203834, 1.5914074211614802, 1.5909693193127605, 1.5905298279763924, 1.5900897668982654, 1.589645379166202, 1.589200829880207, 1.588760005693496, 1.5883238171593022, 1.5878754048851846, 1.5874329138220793, 1.5869936544841023, 1.5865502699109673, 1.586103474347019, 1.5856593870548685, 1.585216893553191, 1.5847780676642755, 1.5843358576638058, 1.5838886646614267, 1.583448989534062, 1.5830204305469056, 1.5826121616822912, 1.5822024198319555, 1.5817885584789306, 1.5813696068658314, 1.5809490484395194, 1.5805405960660193, 1.5801366603427072, 1.5797180703099147, 1.5793155016076628, 1.5789041311738978, 1.5784930238684467, 1.5780814698886447, 1.577676435500716, 1.5772767679878803, 1.5768788537467902, 1.5764717185935293, 1.576071808685079, 1.5756670562468322, 1.5752920145845086, 1.5749007821039984, 1.5745206857727119, 1.574141984147873, 1.5737668944971606, 1.5733806289043042, 1.5730028209331801, 1.5726323080540237, 1.5722522609864782, 1.5718791288278917, 1.5715006273418992, 1.5711341578426192, 1.5707651368572373, 1.570394803033073, 1.5700220021815505, 1.5696470942866663, 1.569278819915959, 1.5689090184296715, 1.5685386017179679, 1.5681766955730914, 1.5678126262452707, 1.567451275916421, 1.5670913597479983, 1.566736033410513, 1.566377189861567, 1.566019394359262, 1.5656602421784964, 1.5653127721214979, 1.5649549839634094, 1.564614563422865, 1.564269594482345, 1.5639300647632093, 1.5635935408233896, 1.563241936021225, 1.5629112034341586, 1.5625768850465227, 1.5622359833794772, 1.561891315789836, 1.5615645527258817, 1.5612069438441656, 1.5608703317508472, 1.560521694557684, 1.5601853544256554, 1.5598509481781673, 1.5595132315481504, 1.5591737212078185, 1.5588238413368638, 1.5584890629508565, 1.558153131149662, 1.5578213729543824, 1.5574870756874117, 1.5571519401972145, 1.5568280332371636, 1.556494644073997, 1.556170645454502, 1.555854705333954, 1.5555345114457249, 1.5552025705029027, 1.5548819548939994, 1.5545759834278925, 1.5542591526774598, 1.5539410568830745, 1.5536196086851912, 1.5533033568068713, 1.5529906877307373, 1.552677005431284, 1.5523718839420686, 1.5520482555541713, 1.5517403030847088, 1.551433643919156, 1.5511267322550895, 1.5508162858081005, 1.5505093308723104, 1.5502160257609978, 1.5499093096117351, 1.5496216275126338, 1.5493383623925263, 1.549042213871118, 1.548769774417985, 1.5484834437222237, 1.5482098461521656, 1.5479326186719635, 1.5476606411409168, 1.5473833727936357, 1.547110723455679, 1.5468375738034317, 1.5465633922327098, 1.5462886189172662, 1.546016725598646, 1.5457474950512016, 1.5454974853093706, 1.5452274080322803, 1.544962537895908, 1.5446958958230002, 1.5444347403635807, 1.5441840396448627, 1.5439168585816527, 1.5436564771727552, 1.543404377124735, 1.5431361868552766, 1.542878200456547, 1.5426173952829854, 1.542358205821602, 1.5420950265693896, 1.5418288820195187, 1.5415674248524687, 1.5413091724228878, 1.5410507967493041, 1.5407911635627578, 1.5405315956544596, 1.5402721305224425, 1.5400150656959002, 1.53975538091086, 1.5395023068727987, 1.5392598528583923, 1.5390163911030859, 1.5387758739334347, 1.5385355786872659, 1.5382949190999025, 1.5380534375017887, 1.537812348909757, 1.537569249733766, 1.5373278771889458, 1.5370907338284536, 1.5368467049531718, 1.5366144343507635, 1.536367034466228, 1.5361329280836793, 1.5358992868341599, 1.5356674053690278, 1.5354311810357864, 1.5351955774829862, 1.5349596303142266, 1.5347278395880737, 1.5344991173560583, 1.534269136958136, 1.53404197609164, 1.5338079554072235, 1.5335846750891151, 1.5333589041328397, 1.533135698255226, 1.5329186255615441, 1.5326987309345061, 1.532479244614722, 1.5322593361072456, 1.532031985561555, 1.5318151202036885, 1.5316022343262825, 1.5313878611021272, 1.5311749863686999, 1.5309679860445267, 1.5307603998070003, 1.5305562863850082, 1.5303498256508132, 1.5301496399260501, 1.5299400382401431, 1.529737399210356, 1.5295357158335643, 1.5293368360754747, 1.529136327384837, 1.5289291583363966, 1.5287293326081828, 1.5285265689121326, 1.5283275152030036, 1.5281274972070613, 1.5279311736931307, 1.5277236359088067, 1.527533440481471, 1.5273294572783922, 1.5271394955697648, 1.5269279478354643, 1.526739067351802, 1.5265567703399205, 1.5263619407588356, 1.5261870318939927, 1.5259931809867042, 1.525805126547318, 1.5256171319661882, 1.525429761447861, 1.5252422300624733, 1.5250554367391995, 1.5248647283746748, 1.5246743722375358, 1.524489607662234, 1.5243033218634519, 1.524118086431135, 1.5239270119481843, 1.5237455319788968, 1.523554130102727, 1.5233606488452565, 1.5231833372272907, 1.5229938277300579, 1.522806783754969, 1.5226289377707434, 1.5224353266802053, 1.522260253566024, 1.5220603548678382, 1.5218815510392951, 1.521706272804794, 1.5215141170431874, 1.5213299168690444, 1.5211433720046517, 1.520968592952774, 1.520793706742989, 1.520616007179636, 1.520437784119694, 1.5202609587830742, 1.5200847356953577, 1.5199139639656511, 1.5197381392721163, 1.5195639349261678, 1.5193895321271684, 1.519220651403843, 1.5190477910393234, 1.5188741164249056, 1.5187026271798594, 1.5185308407150033, 1.5183576671550145, 1.5181836916769236, 1.5180098938632876, 1.5178359976563545, 1.5176787119492967, 1.517495156658953, 1.5173426825806964, 1.5171565821188386, 1.5169838158432603, 1.5168113575730215, 1.516655513315813, 1.516474129384883, 1.516305948209751, 1.5161340015768359, 1.5159657081304283, 1.5158147385459442, 1.5156318258450205, 1.5154619924733608, 1.5153009913046807, 1.5151272670573852, 1.5149656989881586, 1.5147930751789793, 1.5146226618618952, 1.5144622458475994, 1.5142888593982116, 1.5141276848138754, 1.513955129120764, 1.5137951039591426, 1.5136310070286765, 1.5134665696470508, 1.5132973952180049, 1.5131284782756467, 1.5129730522818527, 1.512794771053946, 1.512629009384123, 1.51247484830332, 1.5123036300178405, 1.5121431300337032, 1.5119724147980413, 1.5118270655174684, 1.5116685427231842, 1.5115100771667296, 1.51135075377694, 1.5111913797909735, 1.5110328775517756, 1.510870703761967, 1.5107132741179874, 1.5105544533514559, 1.5103959971028837, 1.5102361710398773, 1.5100744535230641, 1.509922543373774, 1.509767008984296, 1.5096137959321965, 1.5094633000404267, 1.5093146414294312, 1.5091591956281536, 1.5089867296912127, 1.5088380115027995, 1.508677221476398, 1.5085216724485309, 1.5083659173468837, 1.5082093400023342, 1.5080540203996764, 1.5078928869633428, 1.507741293699103, 1.5075793055269726, 1.5074316053997514, 1.5072735248206661, 1.507123812424454, 1.506968390152982, 1.506812110825804, 1.5066616519682714, 1.5065010727643768, 1.5063453985817687, 1.5062009828087315, 1.5060437020383621, 1.5058905535035065, 1.505737256378679, 1.50558923765084, 1.5054316847944955, 1.505277860706744, 1.5051256841185334, 1.504984779143554, 1.5048274250934497, 1.5046689704673126, 1.5045191511707061, 1.5043660851126075, 1.5042259832751859, 1.5040728846078195, 1.503936273481066, 1.5037843150651773, 1.5036373028236671, 1.5034961036512657, 1.5033457317261645, 1.5032079469735053, 1.5030577495624782, 1.5029226270374696, 1.5027841362959873, 1.5026402514973465, 1.5024936492663588, 1.502351373627728, 1.5022031794246358, 1.502062685502361, 1.5019185513918054, 1.5017690683702496, 1.501634088516989, 1.501483408953649, 1.5013403231057703, 1.501192786597676, 1.5010467158357546, 1.5009053693767234, 1.5007533838819946, 1.5006094770586778, 1.500468346491246, 1.5003241060392591, 1.5001680074907837, 1.5000328725896175, 1.4998823126326937, 1.4997403346049776, 1.4995969044144029, 1.499444368096571, 1.4993089103840722, 1.4991622204771218, 1.4990189686864752, 1.4988748253107018, 1.4987296503197696, 1.4985865931665503, 1.4984422437927412, 1.4982972924356845, 1.4981524706646152, 1.4980046641166564, 1.4978591409697795, 1.4977135417966145, 1.4975683895880547, 1.497421404727343, 1.4972746974286646, 1.497127857054338, 1.496980647549461, 1.4968328567309297, 1.4966875622829487, 1.496541970440175, 1.4963975968374745, 1.496250658652564, 1.4961060673821351, 1.4959568804456689, 1.4958161350780885, 1.4956662335690243, 1.4955157701930506, 1.4953855813303811, 1.4952345475108486, 1.495106203168417, 1.4949590347217183, 1.4948233647482516, 1.4946779678407076, 1.4945452335920995, 1.4943878114597706, 1.4942704897718455, 1.4941327952539958, 1.4940032512850496, 1.4938655587228928, 1.4937228650034649, 1.4935955692538294, 1.493451777995006, 1.4933222970861826, 1.4931837269463129, 1.4930542793046202, 1.4929109587563278, 1.4927788834874, 1.4926513904395373, 1.4925013350367966, 1.4923777035729473, 1.49223452606537, 1.4921119014287407, 1.4919576969891888, 1.4918314703026163, 1.4917020308585136, 1.4915625297075275, 1.4914270892930308, 1.491296742238776, 1.4911641939191356, 1.4910296556572236, 1.490887851098091, 1.4907582451371588, 1.4906186137109394, 1.4904983542157415, 1.490351858021342, 1.490214992690092, 1.4900850324843333, 1.4899577165054896, 1.4898246254683056, 1.4896964806314552, 1.489563792779251, 1.4894283370682477, 1.4893049049031035, 1.4891576913412905, 1.4890556161912099, 1.488913336319472, 1.4887813045080232, 1.488655697102446, 1.488536799874577, 1.4884156945159992, 1.4882812814801616, 1.4881346505818265, 1.4880440505556698, 1.4878969390049765, 1.48776630794263, 1.4876500318302874, 1.4875151916281681, 1.48739977979963, 1.4872670931735825, 1.4871457852618444, 1.4870300251142523, 1.4869029628898514, 1.4867716654381273, 1.48666227399246, 1.4865235645028139, 1.486409230239007, 1.4862810378102158, 1.4861569757844049, 1.486033912656255, 1.4859067763860263, 1.4857777238888952, 1.4856627132594482, 1.4855303626214211, 1.4854109631630104, 1.4852957146289927, 1.4851700905308578, 1.4850546320749507, 1.4849287511719955, 1.4847995940317824, 1.4846868222143554, 1.484568852509638, 1.4844470676985686, 1.4843271409141199, 1.4842106564562656, 1.4840899254782516, 1.4839715226621404, 1.4838512126447287, 1.4837288094822907, 1.4836075798780715, 1.4834820967382376, 1.483364748794056, 1.4832463487295031, 1.483121545562361, 1.4830009824354777, 1.48287552457715, 1.4827597618031945, 1.4826397172079668, 1.4825192010646109, 1.482397710659621, 1.4822860866824232, 1.4821644342238274, 1.4820504179785197, 1.4819288593657716, 1.4818091285191237, 1.481694433071374, 1.4815705756701951, 1.4814643836338648, 1.4813383936690496, 1.481236434293307, 1.4811114633833489, 1.4810066483611366, 1.4808767269343606, 1.4807717803797136, 1.4806640339615962, 1.48054646656974, 1.480435136184181, 1.4803283869575723, 1.480212315985312, 1.4801004679722776, 1.479992501974252, 1.4798753130699394, 1.4797615098526264, 1.4796348656848486, 1.4795459675278773, 1.4794161303635713, 1.4793042987709923, 1.4791966743425606, 1.479081439316198, 1.478989467377586, 1.4788590791650653, 1.478762851353117, 1.4786319507088492, 1.4785400261260393, 1.4784189759730912, 1.4783068491720368, 1.4781919101363588, 1.4780832994845654, 1.4779707643836362, 1.4778590675996606, 1.4777422697733043, 1.4776358456896423, 1.4775235697905447, 1.4774098403507738, 1.477319048022112, 1.477188549539471, 1.4770768959428233, 1.476991200910301, 1.4768524717766187, 1.4767620786758333, 1.4766569717118994, 1.476542522789137, 1.4764231962562524, 1.4763045847500913, 1.4762053133802104, 1.4761015522891048, 1.4759833440946446, 1.475879252852231, 1.4757468720440174, 1.475658660581461, 1.475551829048923, 1.475416320833549, 1.4753261411980048, 1.4752067907562543, 1.4751094190003642, 1.4750080800104806, 1.4748736954497033, 1.4747822866812585, 1.4746715001971589, 1.474569446719667, 1.4744380664412196, 1.474349489625652, 1.4742419760156158, 1.4741093526394335, 1.4740255063699257, 1.4738965746954438, 1.4737957449627528, 1.4736879252241026, 1.4735738307539754, 1.4734604411758652, 1.4733577644154057, 1.473261467898909, 1.473146705722745, 1.4730462840093443, 1.4729375635285797, 1.4728373116349802, 1.472726271547672, 1.4726178944542774, 1.4725241393911295, 1.4723954082344688, 1.4723128864356911, 1.4722105586359475, 1.4720906093279964, 1.4720033060655147, 1.471895596459915, 1.4718049633735026, 1.4716944946145096, 1.4715745843975092, 1.4714856237739846, 1.4713689045831455, 1.4712825463348673, 1.4711651212820112, 1.4710790355787533, 1.470964471553596, 1.4708597275282749, 1.470778837755682, 1.4706622722753933, 1.470563198879839, 1.4704804758604222, 1.4703636093938106, 1.4702617788036099, 1.4701637374402743, 1.4700795902642598, 1.4699611855441963, 1.469878890833076, 1.469757873013137, 1.469677976582077, 1.4695619273152307, 1.4694605909586662, 1.4693885785107839, 1.4692540946487125, 1.4691742010107718, 1.469083938671917, 1.4689739336171619, 1.4688708524577796, 1.468762794266283, 1.4686900062233084, 1.468588124287547, 1.4684771471621398, 1.468372907201167, 1.4682931131912471, 1.4681776735868184, 1.4680763833436141, 1.4679833377300264, 1.4679086450844634, 1.4677840850668156, 1.4676980066087044, 1.4676056234642882, 1.4674971976432984, 1.4674023907317968, 1.467308237629184, 1.4672089642075095, 1.4671245662602534, 1.4670144967215881, 1.4669225940872015, 1.4668223538101122, 1.4667247841948254, 1.4666425325557626, 1.4665344487954748, 1.4664418430476598, 1.4663383010268645, 1.4662489072729463, 1.4661571801582582, 1.4660488596927534, 1.46595657096129, 1.4658590012302242, 1.4657612256484547, 1.4656408216538097, 1.4655588575485472, 1.465459700332011, 1.465367195002992, 1.4652574851204094, 1.4651935220988828, 1.4650615472713133, 1.464990931221696, 1.464890526178376, 1.4647791298899544, 1.4646997966042943, 1.464590856390776, 1.4644934830569805, 1.464412021851489, 1.4643178807908435, 1.4642176699962206, 1.4641090821802358, 1.464027919071762, 1.4639379429424142, 1.4638406848653012, 1.4637351193931118, 1.4636428389066523, 1.4635708368289366, 1.463452679230568, 1.4633684984378799, 1.46328152264487, 1.4631942654843821, 1.4630794058810195, 1.4630002837087142, 1.4629010808697556, 1.4628125962541048, 1.462722195849053, 1.4626182824462473, 1.4625166680274666, 1.4624405692559825, 1.4623454723922102, 1.4622255838078484, 1.4621535716704064, 1.462060761942421, 1.461958699071379, 1.4618732527541487, 1.461771660936226, 1.4616927078992246, 1.461584812578828, 1.4615063331845826, 1.461413634754819, 1.461310700707168, 1.4612350527038678, 1.4611392803242655, 1.4610575944146407, 1.4609482102013973, 1.460855122180316, 1.4607841788012639, 1.46067243875481, 1.4605791655104632, 1.4604962757675106, 1.4604049284240306, 1.4603093874227009, 1.4602120201395337, 1.4601259654400722, 1.460034617339829, 1.4599451622639172, 1.4598582911957563, 1.4597541947418378, 1.4596764880169915, 1.4595812623877795, 1.4594939301548038, 1.4594111901624989, 1.4593162651643838, 1.4592260100707606, 1.4591373836933945, 1.4590557736109002, 1.4589625027516042, 1.4588752331882409, 1.4587727480079598, 1.4586949742624944, 1.458589311509761, 1.4585099721131658, 1.4584268228724453, 1.4583174740558214, 1.4582448686477478, 1.4581418597477167, 1.4580816251317543, 1.4579572596700217, 1.4578865750068677, 1.4578067473751846, 1.457698830444542, 1.4576152305978982, 1.4575271888044177, 1.4574564175937452, 1.4573445145186807, 1.457271907277734, 1.4571892958612116, 1.457090744484175, 1.4570169372829473, 1.4569224329155703, 1.456857881359925, 1.456734689522402, 1.4566819091845906, 1.456592658629576, 1.456494772803727, 1.4564342450507608, 1.4563236267528306, 1.4562646550487026, 1.4561704592005038, 1.4560882786042202, 1.4560049006471303, 1.4559232590007738, 1.4558306124628957, 1.4557497726487187, 1.4556884463673085, 1.4555913705216084]

val_loss >>> [4.214409266720112, 4.203805977603661, 4.1935082050769035, 4.183425039002085, 4.173563739475018, 4.1638347253155965, 4.1542341418560005, 4.144829172460811, 4.135588268181136, 4.126471893763584, 4.117385527260463, 4.108131961671083, 4.098686740424104, 4.089016125189934, 4.079071496794414, 4.068651396181883, 4.057693517168432, 4.04623970968597, 4.0342665450664725, 4.0217241469943135, 4.008480088266165, 3.9946033458553107, 3.980114096479007, 3.964896680406053, 3.948795359374748, 3.931904710943086, 3.9141978694660655, 3.8955897988510078, 3.876185099666731, 3.855937988028206, 3.8348234875834786, 3.8129205508071378, 3.7901949963825583, 3.766781658762031, 3.7428090106782124, 3.7184337211393372, 3.6934613760836696, 3.667968339084958, 3.6420858298928516, 3.61584623321477, 3.5894029148681854, 3.5626771102142007, 3.5357460600703408, 3.5087190930386667, 3.4816133616250706, 3.454539419720985, 3.427348188731682, 3.400280527535965, 3.3730433908981037, 3.3456444750057055, 3.318155574125962, 3.290774090639833, 3.263239604924564, 3.235939913187866, 3.208807923579244, 3.1816806048982675, 3.15444654358413, 3.1273656928428895, 3.100102565020185, 3.073007219274425, 3.0461321375401753, 3.0194215903024166, 2.993257324932213, 2.967501249995635, 2.941754926999824, 2.9162664187589176, 2.891161268811535, 2.8664296321053473, 2.8418747622002334, 2.817357230193361, 2.7934884296868128, 2.770510140654665, 2.748506276933821, 2.7275242071495285, 2.707508173033043, 2.688341487630236, 2.670257505664119, 2.6528474892731073, 2.63580641022504, 2.619319268647168, 2.6038289269294457, 2.588713515218762, 2.574059468866499, 2.5601970684507656, 2.547077348159143, 2.534787719289738, 2.523117672320869, 2.5123214954165403, 2.5023167541664515, 2.4927514704496225, 2.4836243832621867, 2.47498180847615, 2.466637073312368, 2.458648232229192, 2.4513375714421275, 2.444371505819813, 2.437742333086552, 2.4314949543146347, 2.4256244965863454, 2.4201610660594377, 2.41518699337073, 2.4104946826481157, 2.406253436245714, 2.4024112884852076, 2.3988606753069224, 2.395747254709541, 2.3930881551363403, 2.3907487462171257, 2.3885904857578386, 2.38653856712497, 2.384756119966645, 2.383161067176197, 2.381679616834003, 2.3801937002240234, 2.3788525530447564, 2.377519981335435, 2.3762070808559654, 2.374899378660376, 2.373658069071394, 2.3724421853992954, 2.371227420149026, 2.3700398575893984, 2.3688109759137865, 2.367603503574652, 2.366376547787891, 2.3651585330289824, 2.363920535961235, 2.3625761443680084, 2.361192162403906, 2.35978606355687, 2.3583707061078814, 2.356978735872717, 2.3555487257256, 2.3541381405114574, 2.352728614790572, 2.3513533439418235, 2.350001775024942, 2.3486798052986466, 2.347363368456287, 2.3460343406156263, 2.3446955142956645, 2.343325730758133, 2.341982179873244, 2.340651494954472, 2.33925314563568, 2.337850098491267, 2.3363945901462877, 2.3348734366259087, 2.3333663959883983, 2.3318612545314763, 2.3303811755514254, 2.3289269538803232, 2.327400688337231, 2.3258637428007742, 2.3243350536114087, 2.32277877052763, 2.321233936523398, 2.319754337002006, 2.318272094732081, 2.3167576090467197, 2.315172719562219, 2.3135978666099684, 2.3120410074376396, 2.3105048543739097, 2.3090146931233226, 2.3075301126128545, 2.306018280982971, 2.3045003557025834, 2.302989169748293, 2.3015019263037377, 2.300010952263795, 2.298526213049061, 2.2970370109572453, 2.295564058340258, 2.294066238286043, 2.292532801145205, 2.2909621888840643, 2.2893679115990246, 2.287775377556682, 2.2861922490789937, 2.2846334639591754, 2.2830182283495866, 2.2814261866181536, 2.2798613507990484, 2.2782797931796974, 2.276677025392376, 2.275077190677877, 2.273474850912613, 2.2718802018436017, 2.2702935646253604, 2.268728263627876, 2.2672168626346525, 2.265709792374185, 2.2642219639831676, 2.262754274490807, 2.2613335660762264, 2.2598947502741664, 2.258464001146732, 2.257046277627901, 2.255594570493257, 2.2541275268075647, 2.2526192396465277, 2.2511089593241063, 2.2495874733629604, 2.2480201601223264, 2.2464691830729997, 2.2449611642708382, 2.243486136336018, 2.242056985585778, 2.240653000516748, 2.239223970638381, 2.2378205973861944, 2.236416768406828, 2.234989123163676, 2.233582450546048, 2.2321835687866916, 2.230799072028862, 2.22941991870326, 2.228025289017845, 2.2266620660545646, 2.22530610219196, 2.2239644840842594, 2.2226680951055, 2.2213585388743216, 2.2200432833077177, 2.2187632627095337, 2.217474642858185, 2.216182702455532, 2.2148888345945767, 2.2136183550719313, 2.2123378856038607, 2.211074998015883, 2.209823604328213, 2.2085704078414925, 2.2073025902043337, 2.2060447806699406, 2.2048456375245693, 2.2037411148556405, 2.2026553489474785, 2.201615891026126, 2.2005133853949332, 2.1993503393812315, 2.198209324789544, 2.1970828427208797, 2.1959622781033867, 2.194821485732165, 2.193715470856814, 2.192605250459854, 2.1914620060887597, 2.1903150312533533, 2.1891690033729425, 2.1880862542324593, 2.1870129288001743, 2.185917264630121, 2.1848071629940358, 2.1837001498305684, 2.182602190709224, 2.181544588237173, 2.1804594222456215, 2.1793699754471025, 2.1782798994194574, 2.1771906541660426, 2.1760995732689343, 2.1750290111673096, 2.1739689973286453, 2.172910846624937, 2.171859509152947, 2.1708114042119298, 2.1697433951828216, 2.1686751038939867, 2.167611682035581, 2.1665662772401615, 2.1655566947189744, 2.164580895703424, 2.1636038153190857, 2.1626287678394607, 2.1616434252786414, 2.1606457312073974, 2.1596216854949795, 2.1586554831100835, 2.1576394854044474, 2.1566354852169756, 2.1556763040315774, 2.1546583882567507, 2.1536931273561937, 2.152732050784484, 2.151782236862238, 2.1508131823743937, 2.1498454624717986, 2.1489182380614458, 2.1479994742682686, 2.147076141034012, 2.146115206740797, 2.1452105209300365, 2.1443204871758272, 2.1434286412541517, 2.142528841313389, 2.1416346174147396, 2.1407051903920045, 2.139784859058758, 2.138857769062398, 2.1379421597898562, 2.1370448947711678, 2.1361473021338937, 2.135249097879838, 2.1344116596091127, 2.133598258684355, 2.1327587341199874, 2.1319234384982675, 2.131093545561588, 2.13027984433704, 2.129540095057477, 2.1288435271285757, 2.1281589010730393, 2.1274697663193503, 2.1267498849442714, 2.1260258926423616, 2.125328502528094, 2.1245993562111702, 2.123937913189056, 2.1232703019485433, 2.1225664661576356, 2.1218470762725232, 2.121202210930211, 2.120499228258376, 2.119774719658825, 2.1190487321742157, 2.1183292404369074, 2.1176165186903546, 2.1169149729595693, 2.116220435941661, 2.115531198942551, 2.1148508681122355, 2.114174577014314, 2.1135064136098936, 2.1128466340540735, 2.1121892765716272, 2.1115378672946936, 2.110898248023457, 2.1102621474406784, 2.109612239917947, 2.1089585602973346, 2.1083039145847713, 2.1076447784486745, 2.1069857753192385, 2.1063334590651923, 2.1056906039654106, 2.1050602259321347, 2.1044311590975635, 2.103815802007362, 2.103181862320613, 2.102548489836907, 2.1019292884678755, 2.1013132185502736, 2.1007026302593728, 2.100062800240186, 2.0994563099134855, 2.0988722519397185, 2.098279127326829, 2.0977162021246776, 2.0971553105860954, 2.0966037623308327, 2.096058863429008, 2.0955083669335757, 2.0949559230771335, 2.0944129650308585, 2.0938387946812096, 2.093334252401083, 2.0927906409664843, 2.0922329051627058, 2.0917012884040127, 2.0911803788264045, 2.0906765113136285, 2.090172936850124, 2.089670959701417, 2.08918685770973, 2.088701104151982, 2.0881761519721262, 2.0876443261142685, 2.0871164542726346, 2.086591588512615, 2.0860691102359583, 2.085548424444817, 2.0850321784339574, 2.0845265263070663, 2.084055520814878, 2.0835833269136925, 2.083117083011678, 2.0826290925757753, 2.08217637239507, 2.081692309967346, 2.081241680433353, 2.0807625023648146, 2.080284167777885, 2.079849487073996, 2.0794326760357733, 2.0790108297020202, 2.078536540166372, 2.07804745649574, 2.0775587665331035, 2.0770748793182, 2.076617752174261, 2.0761601190600136, 2.075702275246106, 2.075259950957089, 2.074821105309659, 2.0744121934735666, 2.0740059392181815, 2.0736022451340603, 2.0732090503736234, 2.072784573308848, 2.0723472233171822, 2.071941575145832, 2.071555681844001, 2.0711669853991936, 2.0707533932394457, 2.0703377918512738, 2.069921764745205, 2.069447489420849, 2.06900194345939, 2.068624548627823, 2.0682291070896173, 2.0678270737606073, 2.0674423296073523, 2.0670581186535184, 2.0666799689194675, 2.0662828704618197, 2.065886784524278, 2.0654923181221996, 2.065103331346203, 2.0647517263199444, 2.064434949039585, 2.0641200739476417, 2.0638403184573964, 2.063533747347969, 2.063225851621893, 2.0629137249663474, 2.0625987368049445, 2.062312273881226, 2.0620714548147387, 2.061794371861551, 2.0615391567763357, 2.06129911493648, 2.061003038280264, 2.0607262277699734, 2.0604645147781686, 2.0601535721095625, 2.059848206373001, 2.0595891602061416, 2.0592923681907083, 2.058987542179724, 2.058701118199086, 2.0584020738317466, 2.05811580117378, 2.057817241232153, 2.0575391922560007, 2.0572470787912613, 2.056966313436904, 2.0566473891613666, 2.0563287035596596, 2.056011617197483, 2.0557477169014797, 2.0555121750398375, 2.055223471767925, 2.0549538131458345, 2.054687540536678, 2.054379405012286, 2.0540918170095046, 2.0537947918184933, 2.0535123615560162, 2.05317769471418, 2.0528343711807224, 2.0525515980880575, 2.052272215320005, 2.051909565277122, 2.051542895956448, 2.051174496755832, 2.050819690773885, 2.050455180914314, 2.0500927392807275, 2.0497323108561067, 2.049373697199756, 2.049016972265586, 2.0486517298000835, 2.048285661251457, 2.0479092066624656, 2.047558132972983, 2.047226786199544, 2.046961991820071, 2.046759326542142, 2.0465454099216953, 2.0463375074788934, 2.046144705859048, 2.045954106830889, 2.045729893314894, 2.045504802099809, 2.0452801818924926, 2.0450265062145068, 2.0447788158362665, 2.0445343380586976, 2.0442902190955707, 2.0440453575234176, 2.043800075821303, 2.0435443857960687, 2.0432886139869146, 2.042954530332376, 2.0426181966714845, 2.0422859632444608, 2.0419966540402843, 2.041682553463789, 2.041362850602579, 2.041046779623463, 2.0407318823177514, 2.040422070999113, 2.0401130728630563, 2.039809128048796, 2.0395127702711364, 2.03921572862676, 2.038947551842366, 2.0386991353222625, 2.038452553045419, 2.038204534255245, 2.0379576415927327, 2.0377100992947823, 2.037462714417942, 2.0372158773036477, 2.0369536328025997, 2.0367047579890056, 2.036479874320881, 2.0362486679796827, 2.0360128043288444, 2.0358287005857743, 2.0356427878693304, 2.0354560409983007, 2.035269780636386, 2.0350866991750625, 2.034912301268843, 2.0347401207312945, 2.0345645193976387, 2.034397343856593, 2.0342134226113564, 2.0340560107802355, 2.033889309144407, 2.033765732131347, 2.0336255754999546, 2.0335029028907976, 2.0333856425489545, 2.0332699737339115, 2.0331453680923146, 2.0330044577450117, 2.032862025513142, 2.032692694753685, 2.032504409751683, 2.0323162429931547, 2.032133268047539, 2.0319487668711838, 2.031737994464736, 2.0315375776409557, 2.0313310335769703, 2.031126879148738, 2.030958844721318, 2.030782409005419, 2.030587900285092, 2.030404739813121, 2.030221136190274, 2.0300267986539344, 2.029835483404222, 2.02963874961629, 2.0294507962341117, 2.029226220764772, 2.0290365664081444, 2.0288580081943013, 2.02868263984306, 2.0285056816207043, 2.0283311730181732, 2.028189141634438, 2.028047904013484, 2.0279583786993673, 2.027868060967713, 2.0277797782310736, 2.0276714977359886, 2.0275655927343506, 2.0274350031796433, 2.0273298660707146, 2.027201070712397, 2.0271281769568175, 2.0270278610634036, 2.0268788539701044, 2.026755352421768, 2.026572867524293, 2.02641421161868, 2.0262630321637354, 2.026112547371951, 2.0259645648231666, 2.025819777173025, 2.025674493024471, 2.0255461282476235, 2.025433223770449, 2.025311421092462, 2.025198965305808, 2.025059134119915, 2.0249330861286987, 2.02477931269893, 2.02463943798233, 2.0245015246724645, 2.0243321409311013, 2.0241833880336753, 2.0240458037497273, 2.0238761044624782, 2.023733423981402, 2.023578031368002, 2.02344384951586, 2.0233347863993716, 2.023203086935812, 2.023101926132761, 2.022961547225714, 2.022828701062611, 2.022689694752572, 2.022517862495173, 2.022358115596904, 2.0222133353628498, 2.022056524786685, 2.021900740410719, 2.0217215576036662, 2.021548627392838, 2.0213854634720425, 2.0212462350243223, 2.021079015538649, 2.020914273405517, 2.0207779609218797, 2.0206247609453625, 2.020469929326188, 2.020333215069992, 2.020180852800884, 2.0200322687005006, 2.019911027816987, 2.019717782515067, 2.0195778821008625, 2.019358567258826, 2.019180971873855, 2.019028234971618, 2.018861593388849, 2.018634855836906, 2.0184717981213773, 2.01829548265647, 2.0181371388473996, 2.0179649628974774, 2.0177315040595003, 2.017571265112471, 2.0174040734285006, 2.0172090535155602, 2.017016247321886, 2.0168105773213836, 2.016606236594143, 2.0164353054085815, 2.016244275867939, 2.016029544112583, 2.015829244704434, 2.0156287904897776, 2.0154277058042314, 2.015219442415293, 2.0150357260679206, 2.014825149135733, 2.0146804112182175, 2.0144866536612867, 2.014318719506264, 2.014215035536499, 2.014065105399048, 2.013911277021247, 2.013786140518884, 2.0137129206279365, 2.013592862489599, 2.0134513733770563, 2.0133276078160165, 2.0132044352315095, 2.013064808315701, 2.012938239094284, 2.012801469476135, 2.012675278682124, 2.0125319756291535, 2.0124002290199754, 2.012256352927674, 2.012115639227408, 2.0119807909967173, 2.0118188784285276, 2.0116187344477687, 2.0114223317967523, 2.011213236219353, 2.0110065832596136, 2.0108359789406816, 2.0106744594596053, 2.0105178422536016, 2.0103619410138993, 2.010205018989466, 2.010051184161394, 2.0099079635132244, 2.0097706300999834, 2.009631964274579, 2.00950078231593, 2.009356834166856, 2.0092158472648376, 2.009078899125948, 2.0089427538216116, 2.008806250506529, 2.0086693144403402, 2.00853562762064, 2.008403570753419, 2.00826142469628, 2.0081411892237764, 2.008008754984649, 2.0078793071658803, 2.0077456481133904, 2.007618938814159, 2.0074942035048653, 2.007364587289178, 2.0071941918727982, 2.0070364000965606, 2.0069175054905597, 2.006802329431392, 2.0066955494177017, 2.0065642939880495, 2.006459288143864, 2.0063066124157225, 2.006176262714521, 2.0060476005353314, 2.0058942943880407, 2.0057838199556706, 2.0056468298382786, 2.005540053563676, 2.005442475741385, 2.00532579469943, 2.0052093748244704, 2.0051027600756957, 2.0049887566033893, 2.004887037272393, 2.004775889338581, 2.0046595574908515, 2.0045625106948948, 2.0044497041790574, 2.0043323497046477, 2.0042325240318424, 2.0041177905061183, 2.004017920078089, 2.003904938335634, 2.0037901638834565, 2.0036941750768436, 2.0035877027376383, 2.0034746709969586, 2.003380546656748, 2.0032760519361883, 2.003187893855351, 2.00309080420131, 2.002994761698776, 2.002940067469522, 2.0028668826583913, 2.002794693258626, 2.00272353724749, 2.002661544484673, 2.0025950622296445, 2.0025324680394045, 2.002469320788428, 2.002406882301525, 2.002345163795959, 2.0022920150447776, 2.002238503491713, 2.0021890405703475, 2.0021406563964708, 2.0020937197738227, 2.0020471801187982, 2.002003359856705, 2.001958022228684, 2.0019110857267624, 2.0018414005154264, 2.001767766668841, 2.0016994999997597, 2.0016102731400345, 2.0015180167569606, 2.00144709771568, 2.001343770856383, 2.0012661896852983, 2.001196267745561, 2.001094191617988, 2.001024366259851, 2.0009144875600384, 2.000826378994518, 2.0007533677715674, 2.0006487192448095, 2.0005442133828724, 2.000485856710347, 2.0003638142857842, 2.0002623496577145, 2.0001098016759866, 1.9999698497113532, 1.9998550461812155, 1.9997106271278529, 1.999592262996292, 1.999446595936186, 1.9993153962651615, 1.999160903381805, 1.999014214350394, 1.9988647250217146, 1.9987111620191074, 1.99859244470933, 1.9984370257395012, 1.9982904637818815, 1.9981219336321512, 1.9980049855213753, 1.9978942915383315, 1.9977520089389553, 1.9976205755749514, 1.9974919283314163, 1.9973585775466984, 1.9972152916714552, 1.9970719876526686, 1.99695411755324, 1.996811976997803, 1.996692956094113, 1.9965220299238962, 1.996421624451048, 1.9963231074244336, 1.996204743085912, 1.9960830333849624, 1.9959603999499922, 1.995837705910068, 1.9957169720454626, 1.9956116391690795, 1.995491751197174, 1.9954399324367171, 1.9953041227396442, 1.9952055511271791, 1.9951569649252905, 1.9951259259686427, 1.9950860451493, 1.9950237029335567, 1.9949480435397062, 1.9949369279805709, 1.9948214844421104, 1.994738104287535, 1.9946768961812336, 1.9946185869199258, 1.9945504684863542, 1.9944910693016868, 1.9944209058044686, 1.9943424608489428, 1.994249988709473, 1.9941598910114005, 1.9940883476563074, 1.9939815764694855, 1.9939065660936413, 1.9938199794126883, 1.9937363901761946, 1.9936502533861333, 1.993564025712786, 1.9934784650043758, 1.993417634263083, 1.9933349508516216, 1.9932714430235878, 1.9931950584157476, 1.9931010894511862, 1.9930156713213636, 1.9929389967583122, 1.9928263186442634, 1.9927894177156746, 1.992697696636121, 1.9925957599827266, 1.9925196885993641, 1.9924478872851648, 1.9923653840742734, 1.992307515042248, 1.9922088625185472, 1.9921103063246448, 1.9920420744318381, 1.9919443586289336, 1.9918753816090804, 1.9917771905902089, 1.9916955130140268, 1.9916282775087495, 1.9915279692211367, 1.9914490920112096, 1.9913607557890598, 1.991275504296991, 1.991193262442809, 1.9911412941602376, 1.9910522876445347, 1.9909812808692184, 1.9908923612079692, 1.9908199313545123, 1.990745978650672, 1.9906525202198995, 1.9906318481873588, 1.9905021777652487, 1.9904682694140965, 1.990396828073319, 1.9903928199713987, 1.990329418548694, 1.990343230993798, 1.9902897761306835, 1.990241288631741, 1.9901939357251488, 1.9901456590500426, 1.990109399023156, 1.9900648595730746, 1.9900171609905866, 1.9899804054828436, 1.9899340718570688, 1.9899159022606914, 1.989921394632095, 1.9898457199990478, 1.9898487391053807, 1.9898607239851527, 1.989829137410831, 1.9898078107620008, 1.9897310694714117, 1.9897557754483495, 1.9896883721152947, 1.989724599200957, 1.9896544946840522, 1.9896370831256118, 1.9896235977230532, 1.9896063364697283, 1.9895988958922257, 1.9895853578595935, 1.9895685233934617, 1.9895635400760787, 1.9895334903668205, 1.9895527975806215, 1.9895375681075238, 1.9895056665668063, 1.989507140277851, 1.9895059757107116, 1.9894381977272813, 1.9894441052960858, 1.9894226942383864, 1.9893601774341536, 1.989314856190511, 1.9892919639090978, 1.9892951373045373, 1.9892509153319735, 1.9892099798760485, 1.9891942356782109, 1.989168484160608, 1.9891860159114008, 1.9891453956046872, 1.989110383946725, 1.9891488577963583, 1.989120580790634, 1.9891049683059536, 1.9890801856570226, 1.9890515905356523, 1.989068273334178, 1.9890470675158285, 1.989041547911863, 1.9889946673927765, 1.9890229475649974, 1.9890048633846975, 1.988967227276967, 1.9890058726658704, 1.9889770605118466, 1.9889941011969416, 1.9889895086280178, 1.9889793170788503, 1.9889844430851995, 1.9889997877422034, 1.9890018984813385, 1.9889678595725588, 1.9889126425091594, 1.9888467061643804, 1.9888332787521739, 1.9887787407850508, 1.988739812950156, 1.988741180028215, 1.9886792693942514, 1.9886885661493854, 1.9886514972515963, 1.9885983562441893, 1.9885966557009083, 1.9885674284702104, 1.9885364009757291, 1.9884617263589197, 1.9884193427481316, 1.9883833107573021, 1.9883229044473012, 1.988285670412222, 1.988220584813368, 1.9881863268989108, 1.9881252495227042, 1.9880867766354375, 1.9880853261005276, 1.9880204650366478, 1.9879883040536062, 1.987970354294198, 1.9879023197658918, 1.9878705473858178, 1.9878593135142222, 1.9878341952959702, 1.9877661442453116, 1.9877381013982278, 1.9876753442782775, 1.987673535994772, 1.9876137869605042, 1.9875821876167152, 1.9875703748246591, 1.9874974882264662, 1.9874691855852258, 1.9874414121145734, 1.987369115888659, 1.9873267697204877, 1.9872928877499096, 1.9872874077788938, 1.9872243874223425, 1.9871836760184836, 1.987151764971377, 1.9871217758843198, 1.9870512038124386, 1.987005955367177, 1.9869512005674623, 1.9869083299784478, 1.9868007966972616, 1.9867885365771756, 1.9867300827056174, 1.9866427556577109, 1.9866204653314699, 1.9865807412675138, 1.9865323069712357, 1.9864844446656884, 1.9864270701418048, 1.9863850113556343, 1.9863179870708676, 1.9862672690198655, 1.986221674381307, 1.9861447603131337, 1.9860776786485483, 1.9860221656487775, 1.9860123687389275, 1.9859270392572166, 1.9858243187475537, 1.9857812195188471, 1.985702209060805, 1.985645917458115, 1.9855691184600195, 1.985590349458572, 1.9855506684769084, 1.9855212994092317, 1.9854787391403486, 1.9854809253511054, 1.9853969232800108, 1.9853991213910007, 1.9853551907464864, 1.9852992540984244, 1.9852936767007192, 1.9852527324662166, 1.98519602727007, 1.9851650402018872, 1.9850926626404681, 1.9850438437459095, 1.9850123313773012, 1.9849961982970992, 1.984952411234931, 1.9849064682989763, 1.9848582946212483, 1.9848276786333712, 1.9847824260488987, 1.984698847384641, 1.9846648154952742, 1.9846304414828349, 1.984574233492216, 1.9845147889831833, 1.984493086062786, 1.9844415615554214, 1.9843955939221718, 1.984344536904246, 1.984319922721221, 1.9843078150275961, 1.9843117433289692, 1.984277373352261, 1.9842411265191109, 1.9842547089620326, 1.98423878264579, 1.9842124048999894, 1.984223980497983, 1.9841806215510052, 1.9841995413173683, 1.984145360005399, 1.9841622222559876, 1.9841239100598078, 1.9840871231113046, 1.9841030665259398, 1.9840581583755992, 1.9840486324978652, 1.9840187057576801, 1.9840322363397318, 1.9840573177707421, 1.9839849252564217, 1.983999260725385, 1.9840187966651115, 1.983988945351707, 1.983967074638026, 1.9839720852017682, 1.9839715318236917, 1.9839816036979085, 1.983994958104773, 1.9839643099517739, 1.9839400247843182, 1.9839502473603248, 1.9839242819489709, 1.9839273448274648, 1.9839214761500008, 1.9839091312278203, 1.9838821165263656, 1.983907318701623, 1.9838759060707636, 1.9838458087778206, 1.983835209033418, 1.9838182184672746, 1.9838527316606986, 1.983818364436566, 1.9838194204528852, 1.9838244650133507, 1.9837920625590617, 1.9838212980854293, 1.9838129694401117, 1.9838167528035466, 1.9837642077218605, 1.9837952454091499, 1.9837674221989734, 1.983732539408461, 1.9837137298830958, 1.983702549390081, 1.9836895979871907, 1.9836270359103327, 1.9836235413465788, 1.9836173524148764, 1.9835841483333045, 1.9835686714422924, 1.9835265568285079, 1.983510068314219, 1.9834488327683952, 1.983491405092732, 1.9834640613067207, 1.9834503241090313, 1.98348778348968, 1.9834316171498765, 1.9834858486773794, 1.983474456663761, 1.9835019096559674, 1.9835104462449198, 1.9835207215441324, 1.983505686686409, 1.9835203379427118, 1.9835977058305785, 1.9835889489769385, 1.9836227138595726]

cols >>> ['speed-lvs-pussay', 'speed-parc-du-gatinais', 'speed-arville', 'speed-boissy-la-riviere', 'speed-angerville-1', 'speed-lvs-pussay-b', 'speed-parc-du-gatinais-b', 'speed-arville-b', 'speed-boissy-la-riviere-b', 'speed-angerville-1-b']

feature_kwargs >>> {'lags_period': [1, 2, 3, 23, 47, 71], 'lags_columns': ['speed-lvs-pussay', 'speed-parc-du-gatinais', 'speed-arville', 'speed-boissy-la-riviere', 'speed-angerville-1', 'speed-lvs-pussay-b', 'speed-parc-du-gatinais-b', 'speed-arville-b', 'speed-boissy-la-riviere-b', 'speed-angerville-1-b'], 'energy_lags_period': [18, 19, 20, 23, 47, 71, 95, 119, 143], 'energy_lags_columns': ['Energy'], 'month_encode': False, 'year_encode': False}

feature_splits >>> {'train_pctg_constant': 0.7, 'val_pctg_constant': 0.3, 'test_pctg': 0.1, 'buffer_pctg': 0.72, 'train_pctg': 0.126, 'val_pctg': 0.054}

optimizer >>> Adam (
Parameter Group 0
    amsgrad: False
    betas: (0.9, 0.999)
    eps: 1e-08
    lr: 1e-05
    weight_decay: 0.01
)

test_loss >>> defaultdict(<class 'list'>, {'
train': [5682.382163287545, 8536.134348692734, 5793.919260391399, 10019.24151375487, 14536.698629919014], 
'val': [5788.734179234004, 11979.208313702822, 10568.019517441771, 9722.391451335885, 20489.379902358523], 
'test': [8845.11550557215, 6620.484550263912, 11908.095417802228, 16779.702632024313, 16687.689440226415]})

baseline_test_loss >>> defaultdict(<class 'list'>, {
'train': [7101.369495166489, 10806.956296870958, 7306.826997672613, 11573.312645461601, 19583.01008533748], 
'val': [7598.057073466907, 13829.386763812994, 11871.584699453553, 11455.980570734668, 23250.758955676985], 
'test': [9565.579119086458, 7642.74061990212, 12121.53344208809, 18230.342577487772, 16825.69331158238]})

