model >>> Sequential(
  (0): Linear(in_features=42, out_features=64, bias=True)
  (1): ReLU()
  (2): Linear(in_features=64, out_features=64, bias=True)
  (3): ReLU()
  (4): Linear(in_features=64, out_features=32, bias=True)
  (5): ReLU()
  (6): Linear(in_features=32, out_features=1, bias=True)
)

train_loss >>> [14.186241098068207, 14.186122496163614, 14.186004111075977, 14.185885645874436, 14.1857669271124, 14.185647817445677, 14.185528432957573, 14.185409043800359, 14.185289816577654, 14.185170893076746, 14.185052438083314, 14.184934540620926, 14.184817273884475, 14.184700712269736, 14.18458486443852, 14.184469750290207, 14.184355358599989, 14.184241697069089, 14.184128782369713, 14.184016529087515, 14.183904797100151, 14.183793518391209, 14.183682643017475, 14.18357211462618, 14.18346189040767, 14.183352111508917, 14.183242732381617, 14.183133759024825, 14.183025235996352, 14.182917181150554, 14.182809583374922, 14.182702403233789, 14.182595629913084, 14.182489290875594, 14.182383342709265, 14.18227780800908, 14.182172598473723, 14.182067693934526, 14.181963118307426, 14.181858808764227, 14.18175477613108, 14.18165101040792, 14.181547564860514, 14.181444424162686, 14.18134166298955, 14.181239310539969, 14.181137396378006, 14.181035902633973, 14.180934868416545, 14.180834206513225, 14.180733861244631, 14.18063382831418, 14.180534087296362, 14.180434571987032, 14.180335305884523, 14.18023628078028, 14.18013751657459, 14.180039035562327, 14.179940872434683, 14.179842995588993, 14.179745413928194, 14.17964816441943, 14.179551225413954, 14.179454659301431, 14.179358390170139, 14.179262408707533, 14.17916671001689, 14.179071271109327, 14.178976077211987, 14.178881083758373, 14.178786286195146, 14.178691696669105, 14.178597342831, 14.178503202479519, 14.178409297252232, 14.178315606168875, 14.178222113197483, 14.17812881918756, 14.178035687636918, 14.177942730112386, 14.17784992038084, 14.177757256293114, 14.177664738592837, 14.177572397993979, 14.177480266695646, 14.177388296610252, 14.1772964851057, 14.1772048322014, 14.177113321746903, 14.177021965198474, 14.176930791841668, 14.17683976617129, 14.176748875781737, 14.17665811930055, 14.176567481954343, 14.176476946915122, 14.17638652603932, 14.176296206011124, 14.17620598684435, 14.17611585517742, 14.176025809977173, 14.175935849755534, 14.17584597040328, 14.175756172396323, 14.175666459421967, 14.175576837803316, 14.175487295292521, 14.175397829529958, 14.175308444159809, 14.175219120088773, 14.175129860696947, 14.175040664199848, 14.174951535492838, 14.17486247880053, 14.174773480823948, 14.174684535718624, 14.17459565366042, 14.174506836199113, 14.174418078407093, 14.17432938317118, 14.174240741481576, 14.174152144575505, 14.17406360588795, 14.173975119126698, 14.173886693428038, 14.173798346305892, 14.1737100745534, 14.173621859877144, 14.173533716222078, 14.173445629839142, 14.173357592687656, 14.173269606653378, 14.173181665887155, 14.173093778829829, 14.173005945963736, 14.172918174254253, 14.172830460257845, 14.17274280627524, 14.172655213168468, 14.172567680010477, 14.172480207716237, 14.17239280050538, 14.172305447713365, 14.172218147450964, 14.172130916735043, 14.172043756396903, 14.171956653119969, 14.171869599587405, 14.171782595253065, 14.171695638200006, 14.171608740065892, 14.17152189829188, 14.171435111029897, 14.171348387931113, 14.171261725633325, 14.171175122184101, 14.171088580071821, 14.171002100090785, 14.170915690298054, 14.17082932715218, 14.170743015646172, 14.170656764998478, 14.170570572763834, 14.170484443515068, 14.170398379796673, 14.170312379216474, 14.17022643809147, 14.170140561783194, 14.170054753360764, 14.169969012560548, 14.169883334628704, 14.16979771532468, 14.16971215728375, 14.169626657896014, 14.16954122996211, 14.16945586800859, 14.169370579168328, 14.169285356716093, 14.169200200287284, 14.16911511474955, 14.169030109784718, 14.168945178774866, 14.168860321059288, 14.16877552530942, 14.168690799735696, 14.168606150492364, 14.168521575869551, 14.168437080009932, 14.168352662502842, 14.168268324259857, 14.16818405788945, 14.168099861581384, 14.168015741620021, 14.167931705314043, 14.167847737519878, 14.167763847325103, 14.16768003458971, 14.167596290845363, 14.167512627764465, 14.1674290403818, 14.167345533264223, 14.167262097881029, 14.16717873004453, 14.167095442212133, 14.167012236184787, 14.1669291076175, 14.166846057616986, 14.166763077418278, 14.166680169063678, 14.166597337029653, 14.166514573079933, 14.16643189160941, 14.166349283556482, 14.166266746571566, 14.166184275829304, 14.16610189032762, 14.166019584694864, 14.165937362434073, 14.165855215218514, 14.165773147017395, 14.165691164654957, 14.165609273412228, 14.165527466325415, 14.165445729022814, 14.165364067021144, 14.165282474793642, 14.16520095431804, 14.165119507409635, 14.165038136763126, 14.164956843497912, 14.164875630763387, 14.16479450182214, 14.164713455251196, 14.164632487670149, 14.164551602860174, 14.164470797618792, 14.1643900772734, 14.164309444145792, 14.16422890295205, 14.164148441167182, 14.16406806307908, 14.163987762745862, 14.163907541015288, 14.163827398339405, 14.16374733050916, 14.163667343576769, 14.163587443748812, 14.163507621066985, 14.163427873885762, 14.163348196411494, 14.163268600323, 14.163189085436473, 14.163109655230558, 14.16303031459692, 14.162951054756546, 14.16287186855443, 14.162792763752586, 14.162713738534515, 14.162634789239416, 14.162555919518118, 14.162477133969881, 14.162398424120026, 14.162319795004077, 14.162241254292296, 14.16216279990477, 14.162084433802173, 14.162006149182767, 14.161927942520856, 14.161849817414259, 14.161771772270757, 14.161693807324834, 14.161615917924296, 14.16153810824112, 14.161460383508153, 14.16138273986803, 14.161305172541004, 14.161227690314394, 14.161150287525581, 14.161072961680059, 14.160995715239784, 14.16091854335259, 14.16084144904032, 14.160764429237856, 14.16068748105121, 14.16061061538711, 14.160533829412806, 14.160457118625404, 14.16038047961301, 14.160303919671698, 14.16022743633566, 14.160151030908033, 14.160074713985388, 14.159998479306626, 14.159922330526959, 14.159846266115336, 14.159770283317402, 14.159694388332104, 14.159618575588423, 14.15954284709989, 14.15946720418633, 14.15939165229, 14.15931618032588, 14.159240793919361, 14.159165500671532, 14.159090293098963, 14.159015172718576, 14.158940142041638, 14.158865195330916, 14.158790333662994, 14.158715555854505, 14.158640863523644, 14.158566257941677, 14.158491734164004, 14.158417288338164, 14.158342932491264, 14.15826866785983, 14.158194486971079, 14.158120393806307, 14.158046390782687, 14.15797247561505, 14.15789865763135, 14.157824927849656, 14.157751291271058, 14.15767775232663, 14.157604301299509, 14.15753094285276, 14.157457678649287, 14.157384505322508, 14.157311431550168, 14.157238450966572, 14.157165566906585, 14.157092776413235, 14.157020073945482, 14.156947464783828, 14.156874945391476, 14.156802513792732, 14.15673016160905, 14.156657891630964, 14.156585707802916, 14.156513608950457, 14.156441599427785, 14.156369676573052, 14.1562978376575, 14.156226088649447, 14.15615442441867, 14.15608284993892, 14.15601136239097, 14.155939967026924, 14.155868663518435, 14.15579745066522, 14.155726330553687, 14.155655298895482, 14.155584358351552, 14.155513510367152, 14.155442758681167, 14.15537209739702, 14.15530152709484, 14.155231046580235, 14.155160655213574, 14.15509035113032, 14.15502012673158, 14.154949992380649, 14.154879941437406, 14.154809975340614, 14.154740100092724, 14.154670318432164, 14.154600629722164, 14.154531034859124, 14.154461529493975, 14.154392120265783, 14.15432279634304, 14.154253563043401, 14.154184421374275, 14.154115368119815, 14.15404641485568, 14.153977550948369, 14.153908784566937, 14.153840115369896, 14.153771548338847, 14.153703092103656, 14.153634737653698, 14.153566480012202, 14.153498318884798, 14.153430258382071, 14.153362299686778, 14.153294433928757, 14.153226663459025, 14.15315899009031, 14.153091414793318, 14.15302393487131, 14.15295655445284, 14.152889268238377, 14.152822077975552, 14.152754975840574, 14.15268796679043, 14.152621050441487, 14.152554232681263, 14.152487507098751, 14.152420867332491, 14.152354311105167, 14.152287841717207, 14.152221461632152, 14.152155177286831, 14.152088986826982, 14.152022886874091, 14.151956876870084, 14.1518909583593, 14.151825129412407, 14.151759389923985, 14.151693745864922, 14.151628199345934, 14.151562746989116, 14.15149739502015, 14.151432143063863, 14.151366989366887, 14.151301935081014, 14.151236981953273, 14.15117213686575, 14.151107406471708, 14.15104279507641, 14.150978301705077, 14.150913916014495, 14.150849641011781, 14.150785474699946, 14.150721416419866, 14.150657464254603, 14.150593618448228, 14.150529875570728, 14.150466233238456, 14.150402692817382, 14.150339250474222, 14.150275910438575, 14.150212676637665, 14.150149545544362, 14.15008652018889, 14.150023600590279, 14.149960786193624, 14.149898077036536, 14.149835474748684, 14.149772976566574, 14.14971058240064, 14.149648288770877, 14.149586091538456, 14.149523989139556, 14.14946198594409, 14.14940008350062, 14.149338280608568, 14.149276579255561, 14.149214978761636, 14.149153480120154, 14.149092080133089, 14.149030789233521, 14.148969602615047, 14.148908519397883, 14.148847536636387, 14.148786655181341, 14.148725871605597, 14.148665181882551, 14.148604589361566, 14.148544093227352, 14.148483703949083, 14.148423422575855, 14.148363248494158, 14.148303183522463, 14.148243228501128, 14.148183376007065, 14.148123630452167, 14.14806399388493, 14.148004465453667, 14.147945047379958, 14.147885737663639, 14.14782654071404, 14.147767456766625, 14.147708482504354, 14.147649611028529, 14.147590853858627, 14.147532205895843, 14.1474736679754, 14.147415234676636, 14.147356912827563, 14.14729869869866, 14.147240586920166, 14.147182582760498, 14.147124693492167, 14.147066910475187, 14.14700924730502, 14.146951704254885, 14.146894272097574, 14.14683695657168, 14.146779761108276, 14.146722678258742, 14.146665714815603, 14.146608866989826, 14.14655213865049, 14.1464955282741, 14.146439029240769, 14.146382649140333, 14.14632638459111, 14.146270240687825, 14.146214210689616, 14.14615830014371, 14.146102507436451, 14.146046836452014, 14.145991279324925, 14.145935844795757, 14.145880529003744, 14.145825337108255, 14.14577026231466, 14.145715315248754, 14.145660486719882, 14.145605779098844, 14.145551191198201, 14.145496717137235, 14.145442360870506, 14.14538811633787, 14.145333981811477, 14.14527996204351, 14.145226051517247, 14.145172247401224, 14.145118555702123, 14.145064970692529, 14.145011490732195, 14.1449581244315, 14.144904865194277, 14.14485171235612, 14.144798667492626, 14.144745736219301, 14.144692911428562, 14.14464019476292, 14.144587583530017, 14.14453508147342, 14.144482683199952, 14.144430389246091, 14.144378197715588, 14.144326107367535, 14.144274119915428, 14.144222235666023, 14.14417045830141, 14.144118784205501, 14.144067217943947, 14.144015759165589, 14.143964408367033, 14.14391317072351, 14.14386204517188, 14.143811030328207, 14.143760126999624, 14.143709337472052, 14.143658662317009, 14.143608103987463, 14.143557662312896, 14.143507339278214, 14.143457135166157, 14.143407048943493, 14.143357079512644, 14.143307226893095, 14.143257491988944, 14.14320786862133, 14.143158364361208, 14.143108979038965, 14.143059712963167, 14.14301056601057, 14.142961538297468, 14.1429126258175, 14.14286383210066, 14.14281515582071, 14.142766598591766, 14.142718151223619, 14.142669822791689, 14.142621614220014, 14.142573523451336, 14.142525545403767, 14.142477683355077, 14.142429940379746, 14.142382308528624, 14.142334793072399, 14.142287393131134, 14.142240105834402, 14.142192934297764, 14.142145867705414, 14.142098913825112, 14.142052065672068, 14.142005329578144, 14.141958701187171, 14.14191218651973, 14.141865780603883, 14.141819491043812, 14.141773310449501, 14.141727245310646, 14.141681292368805, 14.14163546042391, 14.141589744334109, 14.141544143269613, 14.141498663470605, 14.141453298345594, 14.141408049861363, 14.141362924094977, 14.141317914321732, 14.14127301938107, 14.14122824733285, 14.141183594571855, 14.141139055948377, 14.141094629608006, 14.141050321102199, 14.141006123877226, 14.140962035976571, 14.140918055884445, 14.140874184408585, 14.140830423378631, 14.14078677981774, 14.14074324611704, 14.140699823816794, 14.140656512886192, 14.140613313820626, 14.140570228527377, 14.14052725763777, 14.140484402083091, 14.14044166312811, 14.14039903816354, 14.140356527049823, 14.140314126422192, 14.140271837507656, 14.14022966034458, 14.140187587018707, 14.140145624868845, 14.140103771658769, 14.14006202834906, 14.140020395674961, 14.139978873167356, 14.139937453657799, 14.139896141222133, 14.139854939261072, 14.139813846423452, 14.139772857682816, 14.139731980550456, 14.139691214177255, 14.139650552723271, 14.139610002581234, 14.139569561196227, 14.13952922384658, 14.139488996055357, 14.139448872681008, 14.139408862297818, 14.139368955847283, 14.139329159028577, 14.139289473335742, 14.139249892965388, 14.139210417673748, 14.139171052862755, 14.139131790825068, 14.139092635679425, 14.139053582920438, 14.139014637311766, 14.138975794605988, 14.138937056124968, 14.138898429803808, 14.138859907262454, 14.138821486038728, 14.138783168011205, 14.138744959766246, 14.138706853300175, 14.138668848336597, 14.138630944494903, 14.138593142270187, 14.138555448870168, 14.138517858587814, 14.138480370753738, 14.138442985118129, 14.138405701940462, 14.138368521548488, 14.138331440568978, 14.138294458894697, 14.138257575386536, 14.138220793129848, 14.13818411174493, 14.13814752762898, 14.13811104142209, 14.138074653315767, 14.138038363695157, 14.138002171947658, 14.137966078290155, 14.137930077874715, 14.137894176078802, 14.13785837233966, 14.13782266733453, 14.137787060561674, 14.137751544546346, 14.137716127547165, 14.1376808086552, 14.137645583001367, 14.137610456460347, 14.137575427628109, 14.137540491331087, 14.137505654683656, 14.137470916990749, 14.137436271999498, 14.137401724888608, 14.13736726965774, 14.137332914529267, 14.137298653430959, 14.13726449415836, 14.137230429692853, 14.137196460301466, 14.137162593160197, 14.137128821397237, 14.137095151679288, 14.137061576556981, 14.137028096097678, 14.136994716772039, 14.136961431557518, 14.136928241166098, 14.136895143626464, 14.13686214358084, 14.1368292335714, 14.13679641396848, 14.136763684711967, 14.136731045087163, 14.136698495392212, 14.136666041955802, 14.136633678352885, 14.136601403853655, 14.136569219436826, 14.136537124250854, 14.136505118317796, 14.136473201917063, 14.136441375858512, 14.136409639956364, 14.136377986296363, 14.136346423823435, 14.136314951760351, 14.136283568331233, 14.136252273733941, 14.13622106818989, 14.136189951957052, 14.136158919917738, 14.136127977788037, 14.136097126542131, 14.136066366697161, 14.13603569217788, 14.136005108661404, 14.135974617122523, 14.13594421024326, 14.13591389506731, 14.135883664792635, 14.135853525826466, 14.135823473136298, 14.135793513452276, 14.135763639417457, 14.135733856089718, 14.135704157984962, 14.135674550444712, 14.135645029152068, 14.135615599034109, 14.135586253749464, 14.135556993517431, 14.135527823336988, 14.135498736251737, 14.135469731814013, 14.135440817773445, 14.135411986356841, 14.135383237741818, 14.13535457218393, 14.135325988551013, 14.135297491837811, 14.135269076746301, 14.135240744259121, 14.135212494415843, 14.135184326278834, 14.135156240306644, 14.135128237294621, 14.13510031748382, 14.135072481340941, 14.135044728308058, 14.135017058685127, 14.134989470925243, 14.134961964579226, 14.13493453898071, 14.134907187813388, 14.134879916467112, 14.13485272444377, 14.134825611257025, 14.134798575719438, 14.13477161323258, 14.134744728870038, 14.134717923176142, 14.134691196613666, 14.134664544111441, 14.134637972160368, 14.134611482138498, 14.134585066643275, 14.134558732102168, 14.134532473521642, 14.134506297366618, 14.134480198195895, 14.13445418183944, 14.134428241417284, 14.134402382904694, 14.134376601534084, 14.134350903873383, 14.134325283927993, 14.134299741928999, 14.134274282994387, 14.134248900835644, 14.134223596052383, 14.134198374659439, 14.134173231607697, 14.134148166227769, 14.134123178990277, 14.13409827008704, 14.134073445061363, 14.134048698034338, 14.134024029053391, 14.133999437975946, 14.133974924533762, 14.133950488380968, 14.133926129279532, 14.133901846378523, 14.133877639850418, 14.13385351148167, 14.133829460980778, 14.133805487638178, 14.133781590760313, 14.133757770755283, 14.133734027307726, 14.133710354065391, 14.133686757143101, 14.133663236337865, 14.133639791393222, 14.133616422164181, 14.133593122612643, 14.133569899792267, 14.13354675265034, 14.133523675416999, 14.133500673597188, 14.133477744972195, 14.133454885577038, 14.133432102017403, 14.133409387379189, 14.133386747876296, 14.133364177935215, 14.13334168408249, 14.133319260896853, 14.133296914208577, 14.133274637673264, 14.133252437147467, 14.133230305946054, 14.13320824529966, 14.133186261143074, 14.133164347092933, 14.13314250334951, 14.133120736064178, 14.133099038237651, 14.13307741038073, 14.133055852147546, 14.13303437011267, 14.133012958065828, 14.132991614813838, 14.13297034095903, 14.132949136123514, 14.13292799964817, 14.13290693105935, 14.132885931211312, 14.132864999912847, 14.132844137202616, 14.132823342077746, 14.132802615546852, 14.132781958131307, 14.132761369736262, 14.132740849820102, 14.132720399715868, 14.13270001890128, 14.132679707596244, 14.13265945992548, 14.132639281708082, 14.132619173958709, 14.13259913562132, 14.13257916005156, 14.13255925413242, 14.132539418523018, 14.132519647070472, 14.132499946219163, 14.132480314388957, 14.132460746959074, 14.132441249944655, 14.132421817478273, 14.132402455868379, 14.132383159888839, 14.132363935398024, 14.132344776214952, 14.13232568901479, 14.132306667808678, 14.132287719098695, 14.132268836559474, 14.13225001910537, 14.132231273289515, 14.132212591851026, 14.13219397550581, 14.132175429326248, 14.132156947481459, 14.13213852983672, 14.132120176240694, 14.132101892400108, 14.13208367181137, 14.132065514083303, 14.13204741954818, 14.13202938782479, 14.132011418706819, 14.131993512265856, 14.131975669005154, 14.13195788900929, 14.131940171781963, 14.131922516808443, 14.131904923866708, 14.131887393447927, 14.131869925515245, 14.131852519815226, 14.13183517747097, 14.131817898229945, 14.131800681610047, 14.131783521685245, 14.131766424367976, 14.131749389965446, 14.131732417543047, 14.131715501553247, 14.131698647539347, 14.131681856353795, 14.131665127861263, 14.131648455314691, 14.131631844893546, 14.131615290392386, 14.131598798304223, 14.131582369057094, 14.131565995914515, 14.131549685559804, 14.131533431703543, 14.131517240141868, 14.131501104287821, 14.131485030606024, 14.131469013093115, 14.131453057874491, 14.131437159453972, 14.131421317236779, 14.13140553699277, 14.131389812807392, 14.131374144340215, 14.131358537151762, 14.131342985566722, 14.131327489729786, 14.131312049675996, 14.131296670644167, 14.131281346975907, 14.13126607854918, 14.131250865562142, 14.131235707857416, 14.13122060493145, 14.1312055573615, 14.131190564988678, 14.131175633952878, 14.131160758039291, 14.131145937011398, 14.131131170673454, 14.13111645912152, 14.131101801918799, 14.131087193273384, 14.131072639163863, 14.13105813995695, 14.13104369529741, 14.131029305116675, 14.131014969578764, 14.13100068885526, 14.130986456448307, 14.130972278499014, 14.130958155600947, 14.130944087135166, 14.130930072837355, 14.130916106151064, 14.130902192934661, 14.130888333799836, 14.130874522546282, 14.130860765721387, 14.13084705717136, 14.13083340312974, 14.130819803405315, 14.13080625239376, 14.130792755603645, 14.130779306291839, 14.130765910937761, 14.13075256381898, 14.13073927061836, 14.130726025338278, 14.130712834243388, 14.130699691589808, 14.130686597304132, 14.130673557276749, 14.130660565048473, 14.130647621051567, 14.13063473149329, 14.130621889962182, 14.130609096529232, 14.130596356953122, 14.130583665174607, 14.130571020742094, 14.130558423415133, 14.13054587276871, 14.130533375251739, 14.130520924582049, 14.130508520725204, 14.130496163769411, 14.130483853463344, 14.130471590229602, 14.130459374421909, 14.130447206037848, 14.130435085337806, 14.130423011255775, 14.13041098458771, 14.130399005297363, 14.130387073166942, 14.130375187974423, 14.130363349827947, 14.130351558712412, 14.130339814216399, 14.130328116354706, 14.130316464900782, 14.130304853542249, 14.130293288762154, 14.13028177047894, 14.1302702984295, 14.130258872615345, 14.130247486800824, 14.130236147148187, 14.13022485385831, 14.13021360056988, 14.130202393153041, 14.1301912321189, 14.130180111397943, 14.130169037643887, 14.130158010683646, 14.130147024078274, 14.130136084329248, 14.130125185027826, 14.130114332558584, 14.130103520416721, 14.130092754602277, 14.130082029114007, 14.130071349686123, 14.130060710478084, 14.130050117871741, 14.130039565600937, 14.130029059666008, 14.130018593869968, 14.130008168017076, 14.129997788108877, 14.1299874484462, 14.129977148958355, 14.129966895973736, 14.129956683396546, 14.129946510968516, 14.129936384721702, 14.129926298831569, 14.129916253133189, 14.129906247755544, 14.129896282578411, 14.12988636320853, 14.129876483566722, 14.129866644007617, 14.129856844230957, 14.129847084366332, 14.129837364186585, 14.129827683749106, 14.129818043334824, 14.12980844295703, 14.129798882623273, 14.129789362244445, 14.129779881868576, 14.129770441485391, 14.129761041155007, 14.12975168057354, 14.129742359613815, 14.129733078457377, 14.129723836830252, 14.129714634725186, 14.129705471824703, 14.129696348223957, 14.129687263674947, 14.129678218311188, 14.129669205745994, 14.129660232299294, 14.129651297743024, 14.129642401892315, 14.129633538760727, 14.129624714855773, 14.12961592982947, 14.129607183450126, 14.129598469186364, 14.129589793891874, 14.129581157471199, 14.129572553926117, 14.129563989409814, 14.129555464134645, 14.129546971912989, 14.129538518664226, 14.129530097885377, 14.129521715691261, 14.129513372421709, 14.129505061536886, 14.129496789424985, 14.129488549733155, 14.129480348699763, 14.12947218032085, 14.129464051068886, 14.129455954240015, 14.129447889664167, 14.129439863421126, 14.129431869668235, 14.129423914651717, 14.129415992204795, 14.129408102322332, 14.129400251575278, 14.129392433888686, 14.129384648608267, 14.129376902261173, 14.129369188069836, 14.129361506284974, 14.12935386307941, 14.129346252022959, 14.129338673321934, 14.129331126874538, 14.129323618662076, 14.129316142502065, 14.12930869837517, 14.129301286132772, 14.129293905836194, 14.129286557807442, 14.129279247929649, 14.12927197068126, 14.129264726322965, 14.129257514908529, 14.129250336726734, 14.129243191384285, 14.129236078968779, 14.129228999965344, 14.129221953989443, 14.129214941306598, 14.129207962187765, 14.129201017056447, 14.129194106125304, 14.129187229594004, 14.129180386792855, 14.129173578587894, 14.129166805278778, 14.129160067832132, 14.129153365678249, 14.129146698889931, 14.129140061848053, 14.129133460411886, 14.129126894608312, 14.129120365191302, 14.129113872600671, 14.129107416092719, 14.129100989959818, 14.129094600588349, 14.129088247304999, 14.129081930532061, 14.129075651003872, 14.129069402094501, 14.129063189972845, 14.129057014651288, 14.129050869835273, 14.12904476141096, 14.129038689660176, 14.129032654219229, 14.12902664827038, 14.129020678059849, 14.129014737735615, 14.129008833752636, 14.129002966717165, 14.128997129985455, 14.128991329389892, 14.128985559012301, 14.128979825203725, 14.12897412834598, 14.128968462297362, 14.128962833078445, 14.128957234712756, 14.128951673117259, 14.128946142138167, 14.128940647669488, 14.128935183678562, 14.12892975589205, 14.128924358109645, 14.128918989778255, 14.128913656826322, 14.128908352953554, 14.128903084660216, 14.128897845066039, 14.128892634199113, 14.128887457476779, 14.128882309207418, 14.12887719466881, 14.128872108832686, 14.128867049623818, 14.12886202536184, 14.128857027899299, 14.12885205976483, 14.12884711782233, 14.128842210888044, 14.12883732979321, 14.12883247818836, 14.128827652830456, 14.128822862545407, 14.128818099798359, 14.128813363795164, 14.128808656503514, 14.128803981382724, 14.128799333777277, 14.128794712531148, 14.128790118125234, 14.128785551147063, 14.12878101040436, 14.128776497604733, 14.12877201693549, 14.128767563044535, 14.128763136220046, 14.1287587357585, 14.128754362138379, 14.128750015160614, 14.128745694727336, 14.128741400974477, 14.128737133506325, 14.128732892553057, 14.128728678170857, 14.12872449096266, 14.128720330279318, 14.128716196217187, 14.12871208894724, 14.128708007878933, 14.128703953962576, 14.128699926207982, 14.128695925387245, 14.128691951058736, 14.12868800310465, 14.128684081946977, 14.128680187108143, 14.128676318619263, 14.128672476567635, 14.128668654465077, 14.128664858986753, 14.12866109006107, 14.128657348017894, 14.128653632932135, 14.128649944427112, 14.12864628254028, 14.128642640458734, 14.128639024313907, 14.128635433888913, 14.128631869506666, 14.128628331201906, 14.12862481192973, 14.128621318450188, 14.128617849851024, 14.128614405812948, 14.128610980081278, 14.128607578820683, 14.12860420212329, 14.128600843142058, 14.128597507768882, 14.12859419556032, 14.12859090643451, 14.128587633880317, 14.128584383469434, 14.128581155793322, 14.128577943800128, 14.128574753975924, 14.128571586108958, 14.128568433663622, 14.128565302442093, 14.1285621860595, 14.128559090926089, 14.128556016776644, 14.128552957154698, 14.128549917997757, 14.128546893203689, 14.128543888596418, 14.128540898065657, 14.128537927519305, 14.128534976853453, 14.128532039744245, 14.12852912235846, 14.128526218171968, 14.128523333428577, 14.128520461357063, 14.128517608611746, 14.128514768275808, 14.1285119472413, 14.128509138517694, 14.128506342463249, 14.12850356486866, 14.128500799476836, 14.128498052820055, 14.128495318212886, 14.128492602081588, 14.1284898977374, 14.128487211586947, 14.128484537353193, 14.128481874804452, 14.128479230499288, 14.128476597712995, 14.128473976481521, 14.12847137300427, 14.128468781164, 14.128466207045028, 14.128463644342224, 14.128461093105429, 14.128458559267015, 14.128456036790398, 14.128453525565925, 14.128451031627161, 14.128448548915772, 14.128446077414237, 14.12844361695249, 14.12844117383445, 14.12843874176103, 14.128436320675442, 14.128433910567114, 14.12843151763152, 14.128429135606128, 14.128426764321773, 14.12842440396665, 14.128422060682464, 14.128419728176773, 14.128417406339022, 14.12841509534441, 14.128412801166393, 14.128410517651178, 14.12840824488697, 14.128405982776203, 14.128403731213451, 14.128401490344919, 14.128399266261566, 14.12839705279812, 14.128394849914107, 14.128392657602879, 14.128390475745725, 14.128388304497605, 14.128386143758233, 14.128383999768998, 14.128381866355872, 14.128379743530333, 14.128377631156148, 14.128375529393718, 14.128373438148794, 14.128371357363681, 14.128369287074328, 14.128367227380114, 14.12836517812366, 14.128363145707059, 14.128361123810986, 14.128359112359622, 14.128357111506114, 14.128355121248653, 14.128353141620163, 14.128351172591042, 14.128349214177904, 14.12834726667859, 14.128345330122098, 14.128343404746161, 14.128341490197656, 14.128339586495612, 14.128337693693195, 14.128335812227503, 14.12833394182939, 14.128332082844121, 14.128330235269281, 14.128328399235668, 14.12832657501605, 14.128324762640636, 14.128322956475197, 14.12832116314445, 14.128319382946241, 14.128317616539684, 14.128315864477575, 14.128314127595134, 14.128312406137344, 14.128310700674213, 14.128309012163605, 14.128307341112098, 14.128305689486774, 14.128304057862476, 14.128302440573258, 14.128300845525828, 14.128299273473854, 14.128297724671679, 14.128296199339209, 14.128294696687439, 14.128293216215832, 14.12829175034241, 14.12829030352725, 14.12828887495325, 14.128287462524641, 14.128286066630492, 14.128284685677077, 14.128283313635961, 14.128281955217341, 14.128280610919331, 14.128279279072386, 14.128277960755803, 14.128276647978295, 14.128275347608051, 14.128274058782054, 14.128272781223606, 14.128271515176175, 14.128270253643198, 14.128269003288354, 14.128267763140792, 14.128266533223469, 14.128265307388936, 14.128264091053024, 14.128262884899021, 14.128261688132778, 14.128260494962388, 14.128259311551911, 14.128258137415315, 14.128256972675544, 14.128255810794572, 14.128254658166338, 14.128253514367938, 14.128252373169465, 14.128251241026776, 14.12825011756319, 14.128248996909168, 14.12824788478412, 14.128246781312498, 14.128245686500646, 14.128244593872468, 14.128243509801052, 14.128242434148657, 14.128241360843354, 14.128240295773411, 14.128239238930977, 14.128238184288826, 14.1282371378621, 14.12823609979247, 14.12823506375336, 14.128234035826067, 14.128233009828703, 14.128231991778524, 14.12823098195827, 14.128229973961314, 14.12822897391638, 14.128227981845514, 14.128226991472891, 14.128226009031746, 14.128225028238095, 14.12822405533484, 14.128223090314128, 14.128222126869623, 14.128221171324878, 14.128220217282331, 14.128219271105712, 14.12821833271588, 14.128217395790186, 14.128216466589956, 14.128215538874406, 14.128214618810917, 14.128213700120341, 14.1282127890779, 14.128211879434954, 14.128210977438027, 14.128210083003449, 14.128209189971386, 14.12820830437782, 14.128207420121523, 14.128206543430593, 14.128205667956406, 14.128204800004088, 14.128203933391454, 14.12820307426867, 14.12820221630886, 14.128201365877565, 14.128200516678115, 14.128199674868831, 14.12819883433459, 14.128198001217097, 14.128197169310003, 14.128196344829623, 14.128195521553, 14.128194705703393, 14.12819389102673, 14.128193083671661, 14.128192277571396, 14.12819147879907, 14.128190681138065, 14.12818989092915, 14.128189101824304, 14.128188320060085, 14.128187539408998, 14.128186766063497, 14.128185993757121, 14.128185228795298, 14.128184464942981, 14.128183702188089, 14.128182946748751, 14.12818219235458, 14.128181445280797, 14.12818069925399, 14.12817996052673, 14.128179222866988, 14.128178492403181, 14.128177762986352, 14.128177034651541, 14.12817631347098, 14.128175593502629, 14.128174880586426, 14.128174168886968, 14.128173457968662, 14.128172754564677, 14.128172051902878, 14.128171356686222, 14.12817066229543, 14.128169968939531, 14.128169282884086, 14.128168597679874, 14.128167919820218, 14.128167242790653, 14.128166566819543, 14.128165898019297, 14.128165230162722, 14.128164569578201, 14.128163909854583, 14.128163251164654, 14.12816259966522, 14.128161949063845, 14.128161299462928, 14.128160656922317, 14.128160015431401, 14.12815937480592, 14.128158741325624, 14.128158108855454, 14.128157483429883, 14.128156859018361, 14.128156235485566, 14.128155619112457, 14.1281550036658, 14.128154389111762, 14.128153781695056, 14.128153175219905, 14.128152569650064, 14.128151971238093, 14.128151373719954, 14.128150777068152, 14.128150187614702, 14.128149599039372, 14.128149011385661, 14.128148430801316, 14.128147851115331, 14.128147272324382, 14.128146694432699, 14.128146123592861, 14.12814555360698, 14.128144984631827, 14.128144422715772, 14.128143861679648, 14.128143301482377, 14.128142748413376, 14.128142196198933, 14.128141644870466, 14.128141094427065, 14.128140551085052, 14.128140008554704, 14.128139466938723, 14.128138932300583, 14.128138398587383, 14.128137865710922, 14.12813733371711, 14.128136808766387, 14.128136284633067, 14.128135761388439, 14.128135245205627, 14.128134729908789, 14.128134215428148, 14.128133701763701, 14.128133195140228, 14.128132689397592, 14.128132184498037, 14.128131680383564, 14.128131183394343, 14.12813068718839, 14.128130191814947, 14.128129697244104, 14.128129209750181, 14.12812872307034, 14.128128237208506, 14.128127752143838, 14.128127274169984, 14.12812679699541, 14.128126320631594, 14.128125845110254, 14.128125376625356, 14.128124908953934, 14.128124442089344, 14.128123976012253, 14.128123516959823, 14.128123058732953, 14.12812260136638, 14.12812214467675, 14.12812168887551, 14.128121240031568, 14.128120792063028, 14.128120344779887, 14.128119898422291, 14.128119458963695, 14.128119020410406, 14.128118582553087, 14.128118145634305, 14.128117709305164, 14.128117280205789, 14.128116851686693, 14.128116424087404, 14.128115997166264, 14.128115571103306, 14.128115152049604, 14.128114733711207, 14.128114316230993, 14.128113899460947, 14.128113483551804, 14.128113074579721, 14.128112666383961, 14.128112259013458, 14.128111852360677, 14.128111446457936, 14.128111041350852, 14.128110643226439, 14.128110245895568, 14.128109849287855, 14.128109453490294, 14.12810905839656, 14.128108670302717, 14.128108282968885, 14.128107896409864, 14.128107510613875, 14.128107125572157, 14.128106741289844, 14.12810636395003, 14.128105987359653, 14.128105611572183, 14.128105236452589, 14.128104862140734, 14.128104488578318, 14.12810412194571, 14.128103756047137, 14.128103390943613, 14.128103026541197, 14.128102662877042, 14.128102299963533, 14.128101944058978, 14.128101588784542, 14.128101234322072, 14.12810088058971, 14.128100527615242, 14.128100175306539, 14.128099830015246, 14.128099485412676, 14.128099141590658, 14.12809879846461, 14.12809845611549, 14.128098114415216, 14.128097773509392, 14.128097439503772, 14.128097106220105, 14.12809677368678, 14.128096441831605, 14.12809611075668, 14.12809578039283, 14.128095450721627, 14.128095121745792, 14.128094799710038, 14.12809447839261, 14.128094157814045, 14.128093837958943, 14.128093518807967, 14.128093200341182, 14.128092882632595, 14.1280925718221, 14.128092261732649, 14.128091952346722, 14.12809164366764, 14.12809133565674, 14.128091028360842, 14.128090721782362, 14.128090415897438, 14.128090116929938, 14.128089818626087, 14.128089521041167, 14.128089224198737, 14.12808892800727, 14.128088632512076, 14.12808833767751, 14.128088043557948, 14.128087750128318, 14.128087463648129, 14.128087177819207, 14.12808689267236, 14.128086608225413, 14.128086324446345, 14.128086041381371, 14.128085758966455, 14.128085477248417, 14.128085196236016, 14.128084922078815, 14.12808464858949, 14.128084375814868, 14.128084103715373, 14.12808383230732, 14.128083561487095, 14.12808329143383, 14.128083022003436, 14.12808275323669, 14.128082485182832, 14.128082224035827, 14.128081963491454, 14.12808170361647, 14.128081444417218, 14.12808118591273, 14.128080928051956, 14.128080670850904, 14.12808041427393, 14.128080158394138, 14.128079903147485, 14.128079648620364, 14.128079400920353, 14.128079153846834, 14.128078907475027, 14.128078661749953, 14.128078416656209, 14.128078172184125, 14.1280779284352, 14.128077685243898, 14.128077442790858, 14.128077200863723, 14.128076959744023, 14.12807672528076, 14.12807649167689, 14.128076258518874, 14.12807602617162, 14.12807579438561, 14.128075563160246, 14.128075332686434, 14.128075102787767, 14.128074873591412, 14.128074644909788, 14.128074416970955, 14.12807418961361, 14.12807396283745, 14.128073742986567, 14.128073523723213, 14.128073305110822, 14.12807308711798, 14.12807286976462, 14.128072653024466, 14.128072436852507, 14.128072221378332, 14.12807200646178, 14.128071792194378, 14.128071578543503, 14.128071365516101, 14.128071153098885, 14.128070941293362, 14.128070730092585, 14.128070525765734, 14.128070321996205, 14.128070118856192, 14.128069916305217, 14.128069714350229, 14.128069513059494, 14.128069312301008, 14.128069112187141, 14.128068912694937, 14.128068713796303, 14.128068515423575, 14.128068317708454, 14.128068120658796, 14.128067924094868, 14.128067728170121, 14.128067532843778, 14.128067344341822, 14.128067156371813, 14.128066969016217, 14.128066782273825, 14.128066596101139, 14.12806641052051, 14.128066225534058, 14.12806604114661, 14.128065857355754, 14.128065674104093, 14.128065491450837, 14.1280653093549, 14.128065127836221, 14.1280649469531, 14.128064766605549, 14.128064586843715, 14.128064407650681, 14.128064229071455, 14.128064051027195, 14.128063879800377, 14.128063709133295, 14.128063538990006, 14.128063369469587, 14.128063200499842, 14.12806303207141, 14.128062864252254, 14.128062696953565, 14.128062530252675, 14.128062364058058, 14.128062198494163, 14.12806203344651, 14.12806186895255, 14.128061705004132, 14.12806154167375, 14.128061378864743, 14.128061216621214, 14.128061054897247, 14.12806089371459, 14.128060733107983, 14.128060573041779, 14.12806041353743, 14.128060260797053, 14.128060108593758, 14.128059956934795, 14.128059805796905, 14.12805965523295, 14.128059505199731, 14.128059355711452, 14.128059206746961, 14.12805905830717, 14.128058910437687, 14.128058763065715, 14.128058616277949, 14.1280584699451, 14.128058324203105, 14.12805817898067, 14.128058034285047, 14.128057890130131, 14.128057746485716, 14.128057603384121, 14.128057460780642, 14.128057318709413, 14.128057177170431, 14.12805703614044, 14.128056895661427, 14.128056755641259, 14.12805661617539, 14.128056477188306, 14.128056344984525, 14.128056213289433, 14.128056082081581, 14.128055951399636, 14.128055821215804, 14.128055691560297, 14.128055562409548, 14.128055433746342, 14.128055305584272, 14.128055177958379, 14.128055050809756, 14.12805492416801, 14.128054798040992, 14.128054672444412, 14.128054547274354, 14.12805442266766, 14.128054298523738, 14.128054174857995, 14.128054051744135, 14.128053929063446, 14.128053806910776, 14.128053685222087, 14.128053564048127, 14.1280534433457, 14.128053323104837, 14.128053203418276, 14.128053084175455, 14.128052965401146, 14.128052847136432, 14.128052729337814, 14.128052612028247, 14.128052495193236, 14.128052378848182, 14.128052262935695, 14.128052147546393, 14.128052038864277, 14.128051930635872, 14.128051822841238, 14.128051715522972, 14.128051608690134, 14.128051502354202, 14.128051396484668, 14.128051291080626, 14.128051186105223, 14.128051081631861, 14.128050977593482, 14.128050874057747, 14.128050770928903, 14.128050668282468, 14.128050566096992, 14.128050464347101, 14.128050363090795, 14.128050262268264, 14.128050161888567, 14.128050061982519, 14.128049962568543, 14.128049863527627, 14.128049764947669, 14.128049666857068, 14.128049569173355, 14.128049471950602, 14.128049375180353, 14.12804927883995, 14.128049182935436, 14.128049087471945, 14.12804899247455, 14.128048897868336, 14.128048803723384, 14.128048710020062, 14.12804861675293, 14.128048523924706, 14.128048431505487, 14.128048339520946, 14.128048247962932, 14.128048156869804, 14.128048066164535, 14.128047975886696, 14.128047886093078, 14.128047796674029, 14.128047707691772, 14.128047619129093, 14.128047530980854, 14.128047443274546, 14.128047355985096, 14.12804726907535, 14.128047182622334, 14.128047096547512, 14.128047017152383, 14.128046938122159, 14.12804685955259, 14.128046781372092, 14.12804670359697, 14.128046626274353, 14.128046549294282, 14.128046472728654, 14.128046396590154, 14.128046320860054, 14.128046245511772, 14.12804617061146, 14.12804609608602, 14.12804602190645, 14.12804594819962, 14.128045874852257, 14.12804580192175, 14.128045729396321, 14.128045657232773, 14.128045585474, 14.128045514126649, 14.12804544313151, 14.128045372560782, 14.128045302344686, 14.12804523253095, 14.128045163085737, 14.128045094057686, 14.12804502539363, 14.1280449571126, 14.128044889206441, 14.128044821716836, 14.128044754564948, 14.128044687815116, 14.12804462142324, 14.128044555450938, 14.128044489795206, 14.128044424559958, 14.128044359660915, 14.128044295182656, 14.128044231026406, 14.128044167264358, 14.128044103849087, 14.12804404083255, 14.128043978143157, 14.128043915878777, 14.128043853878104, 14.128043792367995, 14.128043731104981, 14.128043670276647, 14.128043609766392, 14.12804354963856, 14.12804348986989, 14.128043430388491, 14.128043371367749, 14.128043312625215, 14.12804325424728, 14.128043196257808, 14.128043138567689, 14.12804308124821, 14.1280430242888, 14.128042967666502, 14.128042911402158, 14.128042855479757, 14.128042799883293, 14.128042744661395, 14.128042689723445, 14.128042635151603, 14.12804258095131, 14.128042527085713, 14.12804247352883, 14.128042420300298, 14.128042367450263, 14.128042314879039, 14.128042262684497, 14.128042210791119, 14.128042159281373, 14.128042108064935, 14.128042057175039, 14.1280420066147, 14.128041956347069, 14.128041906459444, 14.128041856901376, 14.12804180763662, 14.128041758682999, 14.128041710083101, 14.128041661794638, 14.1280416138306, 14.12804156615051, 14.128041518818707, 14.128041471787766, 14.12804142507702, 14.12804137867771, 14.128041332588626, 14.12804128683454, 14.128041241350504, 14.128041196199352, 14.128041151355102, 14.128041106830747, 14.128041068801219, 14.128041031110614, 14.12804099371302, 14.128040956595143, 14.128040919796856, 14.128040883295203, 14.128040847118578, 14.128040811229225, 14.128040775597839, 14.128040740283627, 14.128040705301391, 14.128040670576217, 14.128040636181812, 14.128040602045678, 14.128040568234873, 14.128040534655756, 14.12804050140922, 14.128040468479558, 14.128040435771313, 14.128040403377824, 14.128040371280669, 14.128040339466251, 14.128040307942728, 14.128040276657842, 14.128040245699493, 14.128040215006061, 14.128040184597785, 14.128040154434487, 14.12804012456722, 14.128040094995981, 14.128040065696002, 14.128040036654596, 14.128040007868742, 14.128039979394325, 14.12803995114948, 14.128039923229965, 14.128039895532172, 14.128039868123459, 14.128039840995672, 14.12803981410894, 14.128039787505246, 14.12803976114321, 14.128039735096234, 14.12803970923775, 14.128039683671672, 14.128039658372321, 14.128039633330939, 14.128039608547223, 14.128039584009999, 14.128039559738292, 14.128039535723348, 14.128039511976642, 14.128039488467365, 14.128039465180109, 14.128039442232382, 14.12803941944747, 14.128039396946805, 14.128039374698071, 14.128039352688575, 14.128039330919528, 14.128039309420231, 14.128039288129361, 14.128039267100087, 14.12803924633331, 14.128039225747779, 14.128039205459181, 14.128039185394117, 14.12803916557101, 14.128039145979896, 14.128039126618958, 14.128039107500886, 14.128039088625679, 14.128039069976722, 14.128039051589663, 14.128039033402572, 14.128039015451401, 14.128038997732824, 14.128038980221165, 14.128038962970194, 14.128038945920402, 14.128038929131598, 14.128038912546996, 14.128038896158136, 14.12803888003268, 14.128038864143445, 14.128038848422463, 14.128038832969418, 14.128038817713625, 14.128038802673512, 14.128038787882907, 14.128038773272943, 14.128038758902521, 14.128038744700955, 14.128038730778504, 14.128038717057233, 14.12803870353563, 14.128038690190738, 14.128038677097774, 14.1280386642223, 14.128038651537434, 14.128038639051631, 14.128038626770634, 14.12803861470592, 14.128038602837249, 14.128038591180632, 14.128038579764162, 14.128038568496008, 14.128038557425409, 14.128038546610663, 14.12803853598592, 14.128038525496809, 14.1280385152708, 14.128038505204888, 14.128038495385468, 14.128038485693217, 14.12803847626075, 14.128038466968745, 14.128038457908428, 14.128038448997636, 14.128038440339074, 14.128038431790767, 14.128038423509189, 14.128038415381063, 14.12803840742693, 14.128038399665519, 14.128038392097734, 14.128038384728109, 14.128038377555432, 14.128038370541043, 14.128038363709708, 14.128038357060824, 14.128038350588046, 14.128038344293492, 14.1280383381687, 14.128038332264722, 14.128038326508458, 14.128038320912594, 14.128038315516699, 14.128038310308694, 14.128038305246589, 14.128038300383245, 14.128038295640128, 14.128038291121145, 14.12803828676498, 14.128038282571328, 14.128038278548045, 14.128038274672475, 14.128038270989927, 14.12803826749406, 14.12803826411177, 14.128038260946672, 14.128038257897868, 14.128038255039975, 14.128038252347315, 14.128038249791492, 14.128038247445911, 14.128038245209982, 14.128038243164358, 14.128038241237446, 14.128038239515037, 14.128038237913156, 14.128038236506713, 14.128038235242848, 14.12803823409226, 14.1280382331353, 14.128038232314571, 14.12803823165364, 14.12803823114888, 14.128038230787602, 14.128038230576456, 14.128038230526009, 14.128038230619048, 14.128038230870672, 14.128038231232251, 14.128038231772958, 14.128038232455639, 14.12803823326247, 14.12803823421339, 14.128038235326823, 14.128038236585553, 14.128038237992298]

val_loss >>> [34.548280940372464, 34.54812940786464, 34.5479780281324, 34.547826139521625, 34.547673624603505, 34.54752081108578, 34.5473681957552, 34.54721613183344, 34.54706502841129, 34.54691514926117, 34.54676660673508, 34.546619515804096, 34.546473819796184, 34.54632949317686, 34.54618653624217, 34.54604484496007, 34.54590445637021, 34.545765404105325, 34.545627467663984, 34.54549049311667, 34.54535432076163, 34.545218730250916, 34.54508369220209, 34.5449490751721, 34.54481497909732, 34.544681484158495, 34.54454872869404, 34.54441660390747, 34.544285100030024, 34.54415420775692, 34.544023996097266, 34.54389448468225, 34.543765551404384, 34.54363714444431, 34.54350924696633, 34.543381865988444, 34.54325487121551, 34.543128255144985, 34.543002078626095, 34.542876298223504, 34.54275085655953, 34.54262586286806, 34.54250128313695, 34.54237718196609, 34.54225360524555, 34.54213059158941, 34.54200825284581, 34.541886550339036, 34.54176542065033, 34.541644746416125, 34.54152454451866, 34.541404784346625, 34.54128534765074, 34.541166210594845, 34.541047406034096, 34.54092899462078, 34.540811195923474, 34.5406938022654, 34.54057681897532, 34.54046029847371, 34.540344283382126, 34.54022876284851, 34.540113712889266, 34.53999912553847, 34.53988494625862, 34.53977112664932, 34.53965764144012, 34.539544572701594, 34.53943192461576, 34.539319635903254, 34.53920771075455, 34.539095976988264, 34.538984519226354, 34.53887327451469, 34.538762256914026, 34.538651606636904, 34.5385414258249, 34.53843144173253, 34.53832161668093, 34.538211985142034, 34.53810253261766, 34.53799327697845, 34.5378843369431, 34.53777567938397, 34.537667348048146, 34.53755918347978, 34.53745120525508, 34.537343586112485, 34.53723618453083, 34.537128995732985, 34.53702199751582, 34.53691520835837, 34.53680858121722, 34.53670206616829, 34.53659567904978, 34.53648944209625, 34.536383341810605, 34.53627740986023, 34.53617160786063, 34.53606591682888, 34.53596030572655, 34.53585481097942, 34.53574947545372, 34.5356442733032, 34.53553917508925, 34.53543415733395, 34.53532920088162, 34.53522437154953, 34.53511962993819, 34.53501498560549, 34.53491044506739, 34.53480598372463, 34.53470161225164, 34.53459733842946, 34.53449316337883, 34.534389056213556, 34.534285029454374, 34.53418108561825, 34.53407723960453, 34.53397351299464, 34.53386987240235, 34.53376634594133, 34.53366286515167, 34.53355948577256, 34.53345622170284, 34.53335304626012, 34.53324998094848, 34.53314697703405, 34.53304406026519, 34.532941224170685, 34.53283849384276, 34.532735820203776, 34.53263320069992, 34.53253067061391, 34.532428232434306, 34.53232585711036, 34.53222354117719, 34.53212127814604, 34.532019066353044, 34.531916924227694, 34.53181486989739, 34.531712899861596, 34.53161102575657, 34.53150922006251, 34.531407496477094, 34.53130588373447, 34.53120434833482, 34.531102927467, 34.53100159883849, 34.53090036051897, 34.530799201136205, 34.53069813362964, 34.53059715679578, 34.53049627608782, 34.53039547703356, 34.530294758070625, 34.53019416405535, 34.53009367780646, 34.52999327853942, 34.5298929947884, 34.52979280428019, 34.52969271389083, 34.52959271402857, 34.529492813697885, 34.529393023846296, 34.5292932919379, 34.52919364664763, 34.529094106446685, 34.52899467035812, 34.52889532431754, 34.52879607719411, 34.52869692139649, 34.5285978527674, 34.52849885591992, 34.528399947468046, 34.528301145102965, 34.528202451477576, 34.528103843109136, 34.52800532627675, 34.52790689969475, 34.5278085770614, 34.527710391344854, 34.5276123364672, 34.52751436566958, 34.5274164672946, 34.52731867892021, 34.527221009714026, 34.52712342844488, 34.52702595616796, 34.52692858999777, 34.52683132391502, 34.52673414858772, 34.52663706536621, 34.526540081141604, 34.52644321232004, 34.526346462423206, 34.526249847808906, 34.52615332719505, 34.52605690175916, 34.52596057679374, 34.52586432864144, 34.5257681726795, 34.525672125045816, 34.525576191846696, 34.525480360139085, 34.525384681845644, 34.52528913727781, 34.52519369477181, 34.52509835064344, 34.525003096673025, 34.524907949591736, 34.52481293469059, 34.524718051331575, 34.52462326253127, 34.52452858082248, 34.52443399593319, 34.52433953496628, 34.524245213072454, 34.52415102187131, 34.524056946827216, 34.5239629732432, 34.523869105001054, 34.52377533565431, 34.52368167166573, 34.523588102121664, 34.52349463830793, 34.52340127214925, 34.52330800381479, 34.52321485330003, 34.52312181799982, 34.52302892034685, 34.52293614903355, 34.522843482026566, 34.52275091880631, 34.522658468908354, 34.52256615061417, 34.522473944476225, 34.522381859293624, 34.52228989039554, 34.52219803200675, 34.52210631036863, 34.52201471738653, 34.52192322856274, 34.521831843392164, 34.52174056166153, 34.52164938601528, 34.52155829695151, 34.521467298255345, 34.521376430153985, 34.521285685152144, 34.52119505294817, 34.52110454144217, 34.521014146536665, 34.52092385830641, 34.520833687916415, 34.520743620483024, 34.52065365036091, 34.52056379010466, 34.52047402657545, 34.520384367075856, 34.52029480981391, 34.520205355709166, 34.52011602537456, 34.52002680101982, 34.51993768586393, 34.51984869271341, 34.51975980767788, 34.51967102073542, 34.519582348569486, 34.519493793863774, 34.51940534316472, 34.519317004743954, 34.519228782422836, 34.51914066616677, 34.51905264751198, 34.51896473448965, 34.518876932505265, 34.51878924041936, 34.518701657131146, 34.51861417511392, 34.51852679153655, 34.518439518479965, 34.51835234486131, 34.518265281331466, 34.51817832044587, 34.51809145375707, 34.518004685105765, 34.517918025743334, 34.517831466288285, 34.51774498519786, 34.51765861811847, 34.51757236114721, 34.51748620994616, 34.517400166521774, 34.517314253210664, 34.51722844474419, 34.51714274031518, 34.51705713582859, 34.516971625591964, 34.51688623028593, 34.516800935886565, 34.51671574909408, 34.51663066079281, 34.5165456887803, 34.51646082818816, 34.516376065483065, 34.516291390914986, 34.51620683055732, 34.516122398668415, 34.51603807489146, 34.51595386316443, 34.515869752128985, 34.515785741856426, 34.515701846449204, 34.51561807663248, 34.51553441491563, 34.515450869715906, 34.51536742950702, 34.515284093317476, 34.51520086932889, 34.5151177393329, 34.51503472703337, 34.51495182230809, 34.51486903950843, 34.51478638639432, 34.514703855811206, 34.51462142466422, 34.514539104527984, 34.51445692091041, 34.51437486397205, 34.514292927505686, 34.514211100081695, 34.51412939357438, 34.51404779433802, 34.51396631311471, 34.5138849339629, 34.513803650680224, 34.51372246726747, 34.513641397632554, 34.51356043541964, 34.51347957520452, 34.51339881779317, 34.51331816770593, 34.513237628763584, 34.51315719482415, 34.513076859170525, 34.51299664576514, 34.51291655148568, 34.512836568908135, 34.51275669712867, 34.51267692259464, 34.51259725206424, 34.512517684135794, 34.51243822525457, 34.512358873255224, 34.512279622625336, 34.512200477631545, 34.512121446743045, 34.5120425256183, 34.51196369802939, 34.511884965200366, 34.51180634228735, 34.51172782519167, 34.51164940702462, 34.51157110216658, 34.51149290611891, 34.51141481826175, 34.51133683524438, 34.51125896608702, 34.51118119736991, 34.51110354083443, 34.51102601423099, 34.510948591314595, 34.51087129191641, 34.51079411281139, 34.510717043749246, 34.5106400938384, 34.51056326535534, 34.510486556497234, 34.51040997905138, 34.51033353285344, 34.510257202937, 34.51018099243768, 34.51010490356916, 34.51002893495513, 34.509953090706354, 34.509877354318206, 34.50980172749927, 34.509726213663086, 34.50965081720195, 34.509575524236936, 34.5095003439671, 34.50942526761509, 34.50935029200422, 34.50927541711032, 34.509200650564, 34.509125985213146, 34.509051426855336, 34.508976962581954, 34.5089025953945, 34.50882833707784, 34.50875418763439, 34.50868015009948, 34.508606226298916, 34.508532417723764, 34.50845872034424, 34.5083851316748, 34.50831165077899, 34.50823827671069, 34.50816502348293, 34.50809187503213, 34.50801883439242, 34.507945905820755, 34.50787309150784, 34.507800399696926, 34.507727828627466, 34.50765538140851, 34.50758306278276, 34.50751088028779, 34.50743883417615, 34.50736691196092, 34.50729511901315, 34.50722344508255, 34.50715188439691, 34.50708044568281, 34.507009124283336, 34.50693792286044, 34.50686683920772, 34.506795877495115, 34.50672502323352, 34.50665428876363, 34.50658367479353, 34.50651319071198, 34.50644282312338, 34.5063725757627, 34.50630244747597, 34.50623244221687, 34.50616256196585, 34.506092798791414, 34.506023158087565, 34.50595364061796, 34.50588423953861, 34.50581495327989, 34.505745776444165, 34.505676707537944, 34.505607756540854, 34.50553892068943, 34.5054702053668, 34.50540160289763, 34.505333112095336, 34.50526473977733, 34.50519648813916, 34.50512836453957, 34.50506036021211, 34.50499247001532, 34.50492469103711, 34.50485703069786, 34.50478948772399, 34.50472205578503, 34.50465474936408, 34.50458756737241, 34.50452050817637, 34.50445357253116, 34.5043867555527, 34.50432005745849, 34.504253484930615, 34.50418704192515, 34.50412072778839, 34.50405453803742, 34.503988474354244, 34.50392253906973, 34.5038567377555, 34.50379106048993, 34.50372550254845, 34.50366007479034, 34.503594776596934, 34.503529602657615, 34.50346454832271, 34.50339962284443, 34.503334820444515, 34.50327013313469, 34.5032055720437, 34.50314113983953, 34.503076829498156, 34.503012651451115, 34.50294860142452, 34.502884675817555, 34.50282088504121, 34.502757231407024, 34.502693706134046, 34.5026303188104, 34.502567063689234, 34.50250394789249, 34.50244096780241, 34.5023781170704, 34.50231540238822, 34.502252816423706, 34.5021903651726, 34.50212804338712, 34.50206585629088, 34.50200380113856, 34.50194187944177, 34.50188008937594, 34.50181844260993, 34.501756929620875, 34.50169555703406, 34.50163431593079, 34.501573218188966, 34.50151225439084, 34.50145142385855, 34.50139072860154, 34.50133016674812, 34.501269734291434, 34.50120942800646, 34.5011492455889, 34.50108919501859, 34.50102926756773, 34.50096946544758, 34.50090979129955, 34.50085023549565, 34.50079079877899, 34.50073149314471, 34.50067231177539, 34.5006132528839, 34.50055431465291, 34.5004955103922, 34.500436829458785, 34.50037826916775, 34.500319830065244, 34.50026151610253, 34.50020331665837, 34.50014523326008, 34.500087273873, 34.500029434592996, 34.49997171418879, 34.49991411232566, 34.49985663317116, 34.499799266877375, 34.499742023793665, 34.499684904600336, 34.499627906971334, 34.49957103319041, 34.49951428614428, 34.49945766150711, 34.499401160721646, 34.4993447888931, 34.49928854610241, 34.499232436045894, 34.49917645400621, 34.499120597784184, 34.499064876001285, 34.49900928456125, 34.49895382231013, 34.49889848841901, 34.49884329029134, 34.4987882168008, 34.498733273550414, 34.498678463417235, 34.498623789145384, 34.4985692485079, 34.49851483997625, 34.49846055530597, 34.49840640200927, 34.49835238407365, 34.4982985011644, 34.49824474317985, 34.498191120291764, 34.49813762977413, 34.4980842690109, 34.49803103334638, 34.4979779297309, 34.49792495382896, 34.49787209764864, 34.497819373971694, 34.49776678081766, 34.49771430729463, 34.49766195938989, 34.49760972302756, 34.49755760622253, 34.497505607208204, 34.49745373471359, 34.4974019808543, 34.49735035925914, 34.49729885421735, 34.49724747057919, 34.49719620954332, 34.497145080288234, 34.49709407561227, 34.49704320106047, 34.4969924524508, 34.49694182916337, 34.4968913398136, 34.49684097259488, 34.49679073070928, 34.496740618724296, 34.49669063201686, 34.49664076595663, 34.49659102840018, 34.49654141789028, 34.49649193165741, 34.49644256677017, 34.496393333675805, 34.496344225945975, 34.49629523913885, 34.496246370332685, 34.4961976190369, 34.496148989149575, 34.49610048352962, 34.49605210571503, 34.49600384993241, 34.49595571338324, 34.49590770045619, 34.49585981027644, 34.49581204619831, 34.495764409879634, 34.4957169006075, 34.495669512818736, 34.49562224864968, 34.49557509904509, 34.495528069594705, 34.49548116403228, 34.49543437132814, 34.49538769823446, 34.495341138670916, 34.49529469263991, 34.49524836468961, 34.495202157181104, 34.49515605950523, 34.495110078348894, 34.49506421518627, 34.495018466798356, 34.49497282812465, 34.49492730378824, 34.494881900347956, 34.49483661276988, 34.49479144618943, 34.49474640278402, 34.49470147403732, 34.49465666594266, 34.49461197099388, 34.49456739698714, 34.49452293805477, 34.494478600791865, 34.49443438326267, 34.4943902813081, 34.494346290483904, 34.49430241767275, 34.49425865285998, 34.49421500664025, 34.49417147013473, 34.49412805032034, 34.49408473884024, 34.49404154334319, 34.49399846772726, 34.49395550466029, 34.49391265432595, 34.493869913348156, 34.493827289491655, 34.49378477599461, 34.49374237118712, 34.493700077166835, 34.49365790078018, 34.49361584531381, 34.49357390093432, 34.49353206594038, 34.4934903410014, 34.49344872643396, 34.493407218455985, 34.49336581763056, 34.493324521869674, 34.49328333438992, 34.4932422579898, 34.49320128944306, 34.49316042740844, 34.4931196709797, 34.4930790203816, 34.493038477322706, 34.49299804354786, 34.49295771740889, 34.4929174951358, 34.492877378707846, 34.49283737157843, 34.49279747703423, 34.492757691660486, 34.49271800555371, 34.49267842854007, 34.492638959853466, 34.492599594228, 34.49256033438241, 34.492521184367035, 34.49248213731612, 34.49244319486092, 34.49240436117018, 34.49236562809249, 34.49232700111126, 34.49228847201709, 34.492250049988456, 34.492211728800044, 34.492173516774834, 34.492135408284426, 34.49209740335782, 34.492059510487174, 34.49202171913582, 34.49198403568135, 34.491946454637926, 34.49190897592338, 34.49187160864372, 34.4918343431371, 34.49179718005845, 34.49176011721343, 34.491723162267704, 34.491686305711696, 34.491649547521234, 34.491612887725324, 34.49157632785613, 34.49153986728773, 34.4915035124098, 34.49146725724349, 34.49143109882599, 34.491395039378205, 34.491359077616885, 34.4913232136097, 34.49128744920781, 34.49125178686897, 34.491216222905344, 34.49118074894802, 34.49114537360275, 34.4911100982736, 34.491074919147096, 34.49103983655913, 34.49100485100514, 34.49096996308928, 34.49093516750697, 34.490900470548794, 34.490865870924246, 34.490831369793334, 34.49079696241456, 34.49076265511474, 34.4907284473719, 34.4906943320061, 34.49066031806052, 34.49062639562924, 34.49059257255434, 34.49055884360616, 34.490525217624864, 34.4904916881942, 34.49045826012816, 34.49042492803034, 34.4903916975799, 34.4903585628101, 34.49032552869926, 34.490292586549806, 34.49025973679432, 34.49022698619705, 34.49019432928183, 34.49016176552666, 34.490129300146705, 34.49009692607805, 34.490064643151534, 34.49003245169582, 34.490000349857326, 34.48996834317746, 34.48993642624048, 34.48990459958047, 34.48987286324335, 34.489841214790694, 34.489809658183425, 34.489778193254786, 34.489746822095206, 34.489715543520504, 34.48968435563119, 34.48965326001743, 34.48962225630221, 34.48959134184414, 34.48956051580703, 34.489529773645145, 34.48949912035614, 34.48946855518603, 34.48943807793905, 34.48940768668187, 34.48937737527134, 34.4893471495171, 34.48931701113984, 34.4892869599003, 34.48925699052289, 34.48922710958337, 34.4891973183529, 34.48916761040799, 34.48913799352546, 34.48910845908266, 34.489079015801316, 34.48904965840103, 34.489020393160295, 34.48899121268412, 34.488962123234074, 34.4889331187975, 34.48890420866406, 34.48887538357792, 34.488846644271334, 34.48881799875556, 34.48878943762491, 34.488760960243816, 34.4887325753002, 34.48870427611679, 34.48867606362644, 34.48864793722981, 34.48861989436765, 34.48859194292313, 34.48856407834082, 34.488536299690324, 34.48850860709004, 34.48848099931715, 34.488453477294804, 34.48842604059527, 34.48839868671245, 34.488371417023856, 34.48834423192824, 34.48831713239466, 34.488290117889065, 34.48826318887302, 34.48823634430252, 34.48820958233367, 34.48818289759662, 34.48815629794071, 34.48812978206577, 34.48810335030772, 34.48807700274872, 34.48805073205902, 34.488024544476055, 34.48799844046864, 34.48797241550069, 34.48794647370955, 34.48792061255047, 34.4878948276106, 34.48786912676105, 34.487843502751794, 34.487817961924186, 34.48779249825588, 34.487767119279624, 34.48774181929693, 34.48771660348912, 34.487691466230196, 34.48766641454783, 34.48764144162219, 34.48761654757168, 34.48759173932973, 34.48756700964875, 34.48754235869308, 34.48751779343479, 34.487493306123646, 34.48746889629322, 34.48744456354961, 34.48742031550288, 34.48739614632887, 34.48737205393717, 34.487348038025694, 34.48732409834794, 34.48730023446891, 34.48727644708702, 34.48725273661552, 34.48722910210708, 34.48720554168877, 34.487182057441366, 34.48715864918359, 34.48713531777338, 34.4871120618018, 34.48708888170387, 34.487065778414824, 34.48704275177033, 34.48701979984432, 34.486996917247616, 34.486974110058135, 34.486951378906625, 34.48692872340643, 34.486906136848866, 34.48688362648637, 34.48686119348618, 34.486838830711875, 34.48681654631488, 34.48679433943727, 34.48677220324956, 34.48675014496306, 34.48672815900013, 34.486706251085835, 34.48668441538152, 34.4866626589245, 34.48664097440438, 34.4866193694264, 34.48659783773864, 34.48657638486561, 34.48655500453121, 34.48653369585096, 34.486512465335345, 34.48649130700313, 34.48647022088088, 34.486449212278025, 34.48642827529064, 34.486407410116904, 34.48638661648372, 34.48636590028776, 34.486345254001115, 34.48632467719602, 34.48630417088024, 34.486283733473265, 34.486263365775024, 34.486243066151836, 34.486222836193875, 34.48620267526314, 34.486182585015044, 34.48616256456509, 34.48614261255995, 34.48612273085562, 34.48610291723843, 34.486083172182056, 34.48606349679573, 34.48604388971647, 34.48602435154602, 34.48600487695805, 34.4859854717598, 34.48596613569511, 34.48594686755565, 34.485927662193916, 34.48590852624607, 34.48588946012054, 34.48587046324457, 34.48585152904241, 34.485832663137636, 34.48581385938226, 34.485795124414864, 34.48577645790677, 34.485757852467835, 34.485739317114614, 34.48572084481462, 34.48570244099811, 34.48568410105649, 34.48566583061818, 34.485647621845935, 34.48562948142666, 34.48561140288854, 34.48559338732147, 34.4855754413423, 34.485557557795275, 34.48553973658131, 34.485521984179485, 34.48550429338331, 34.48548666528994, 34.485469100747636, 34.48545160390581, 34.48543416824429, 34.48541679327008, 34.48539947970336, 34.48538222755378, 34.48536503731193, 34.485347908537975, 34.485330840903245, 34.48531384272591, 34.485296905627386, 34.485280029310424, 34.48526321431152, 34.485246461109185, 34.48522976985324, 34.485213133757696, 34.485196559700384, 34.485180046224045, 34.48516359397394, 34.48514720295006, 34.485130873251485, 34.485114605049816, 34.48509839178137, 34.48508223986241, 34.485066149288095, 34.48505012081483, 34.485034154092226, 34.485018241251595, 34.48500238735828, 34.48498659346111, 34.484970852401915, 34.484955171549124, 34.48493954399831, 34.48492397700673, 34.484908470886126, 34.48489302000325, 34.48487763018469, 34.48486229366569, 34.484847017850925, 34.48483179600514, 34.48481663497958, 34.484801528229916, 34.48478648270165, 34.48477149207279, 34.48475655538632, 34.48474167919141, 34.48472685559282, 34.484712085897954, 34.48469737756466, 34.484682722738754, 34.48466812214042, 34.48465358167598, 34.48463909463677, 34.48462466138529, 34.48461028083163, 34.48459595394486, 34.484581686251914, 34.48456747084111, 34.484553308998116, 34.48453920028795, 34.48452514438675, 34.48451114090788, 34.48449719081556, 34.484483293812566, 34.484469449961715, 34.48445565891501, 34.48444192039938, 34.48442823493681, 34.4844146025418, 34.48440102270202, 34.48438749524348, 34.484374020456166, 34.48436059823617, 34.484347228648744, 34.48433391138938, 34.48432063948841, 34.48430742044717, 34.484294253642176, 34.48428113852965, 34.4842680752957, 34.484255058145145, 34.48424209324049, 34.484229181572566, 34.48421631522679, 34.48420350031009, 34.48419073799211, 34.48417802097695, 34.484165355644606, 34.484152742823994, 34.48414017586687, 34.48412766119189, 34.484115191464475, 34.48410277352863, 34.484090400733685, 34.48407807963847, 34.48406580332166, 34.484053578823, 34.48404139957882, 34.484029272585374, 34.48401719107116, 34.48400516189226, 34.48399317859135, 34.483981240779336, 34.48396935428522, 34.483957513391175, 34.48394571850078, 34.48393397579828, 34.48392227884085, 34.48391062673674, 34.48389902650394, 34.483887472274795, 34.483875963855965, 34.48386450117979, 34.483853084369514, 34.48384171898105, 34.4838303988664, 34.48381912431074, 34.4838078943619, 34.483796709160046, 34.48378556900725, 34.48377447393978, 34.48376342422346, 34.48375241910187, 34.48374145843969, 34.483730542362565, 34.483719671515765, 34.483708845942786, 34.4836980654817, 34.48368733013735, 34.48367663947474, 34.48366599294286, 34.483655391783884, 34.48364483543714, 34.483634323450715, 34.48362385583669, 34.4836134328174, 34.48360305409801, 34.48359271292636, 34.483582415411774, 34.483572161107176, 34.48356195051281, 34.48355177722935, 34.48354164816362, 34.483531563139216, 34.48352152211505, 34.48351151810211, 34.483501558219906, 34.48349164224369, 34.48348176318688, 34.4834719279853, 34.48346213721654, 34.48345238376352, 34.48344267378148, 34.48343300050618, 34.4834233708082, 34.48341378468512, 34.483404235660274, 34.483394730244164, 34.48338526190212, 34.48337583713257, 34.4833664496425, 34.48335710584092, 34.48334779912066, 34.4833385290443, 34.48332930251626, 34.483320112450876, 34.48331096567039, 34.48330185601714, 34.48329278327122, 34.48328375408811, 34.48327476209024, 34.483265806226356, 34.48325689423704, 34.48324801905838, 34.483239180439035, 34.48323038525926, 34.48322162620139, 34.483212903200176, 34.48320421710145, 34.48319557459454, 34.48318696802587, 34.48317839795369, 34.48316986367232, 34.48316136578836, 34.483152903956224, 34.483144484466486, 34.483136101354816, 34.483127754473806, 34.48311944440345, 34.48311117107366, 34.48310293535686, 34.48309473607855, 34.48308657424889, 34.483078450201376, 34.483070363428524, 34.48306231393274, 34.48305430168986, 34.48304632686664, 34.483038390035816, 34.4830304912119, 34.4830226301798, 34.4830148070096, 34.48300702271148, 34.48299927718151, 34.48299157146611, 34.48298390005286, 34.482976268311596, 34.482968675072655, 34.48296112030704, 34.4829536053004, 34.48294612951142, 34.48293868621934, 34.482931281446504, 34.48292391660907, 34.48291659256736, 34.48290930929965, 34.48290205996192, 34.48289485046534, 34.48288768242667, 34.48288054814882, 34.482873456822375, 34.482866406129745, 34.48285939551993, 34.48285241773328, 34.482845479142526, 34.48283857283118, 34.4828317067549, 34.48282488147194, 34.48281808942297, 34.482811338474235, 34.48280462108574, 34.48279794439873, 34.48279130837212, 34.482784706000004, 34.48277814647054, 34.48277162175072, 34.482765138544394, 34.482758688093554, 34.48275227742345, 34.482745900804176, 34.482739564255624, 34.4827332612359, 34.48272699202292, 34.482720762672834, 34.482714566368244, 34.4827084113403, 34.482702289374764, 34.48269620058522, 34.48269015087557, 34.48268413404708, 34.48267815500074, 34.48267220758132, 34.482666291058955, 34.482660413785666, 34.482654567991865, 34.482648755236305, 34.482642972563404, 34.48263723053882, 34.48263151773414, 34.4826258375182, 34.48262018774258, 34.48261457661911, 34.48260899560006, 34.48260344607982, 34.48259792912658, 34.48259244919181, 34.48258700142771, 34.48258158395168, 34.482576195659306, 34.48257083819634, 34.48256551120027, 34.482560215437196, 34.48255495590961, 34.48254972710751, 34.48254452867324, 34.48253935988662, 34.48253422215174, 34.4825291148016, 34.48252403889712, 34.48251899359487, 34.48251397860004, 34.48250899404794, 34.48250403968241, 34.482499116716625, 34.482494223997826, 34.48248936093152, 34.48248452811945, 34.48247972451521, 34.48247495189745, 34.48247020976835, 34.482465497656655, 34.4824608166112, 34.48245616616315, 34.48245154630768, 34.48244695710277, 34.48244239829711, 34.48243787006952, 34.48243336444983, 34.48242888839081, 34.4824244435986, 34.482420029597144, 34.48241564673925, 34.4824112931786, 34.48240696861069, 34.482402667839686, 34.48239839725042, 34.48239415627981, 34.48238994555861, 34.4823857648379, 34.48238160635776, 34.4823774769332, 34.48237337575704, 34.48236930326671, 34.48236525177237, 34.48236122951968, 34.48235723591174, 34.482353263191044, 34.4823493190305, 34.48234540306036, 34.48234151440338, 34.482337647189475, 34.48233380677398, 34.48232999255997, 34.48232619760437, 34.48232242893002, 34.48231868649582, 34.4823149637502, 34.48231126632399, 34.482307587298266, 34.48230393400037, 34.4823003060243, 34.482296696564724, 34.482293111291135, 34.48228954336921, 34.48228599932878, 34.48228247322726, 34.482278970840476, 34.48227549235935, 34.48227203019797, 34.4822685913115, 34.482265168179275, 34.48226176892613, 34.48225838535472, 34.482255025739725, 34.48225168126513, 34.48224836045696, 34.482245054160856, 34.48224176420867, 34.48223849628922, 34.482235243846105, 34.48223201448214, 34.482228799533594, 34.48222560724129, 34.48222242945623, 34.482219273587916, 34.48221613262317, 34.48221300599893, 34.48220990165151, 34.48220681158175, 34.4822037367394, 34.48220068341988, 34.482197644820275, 34.48219462765649, 34.48219162463261, 34.48218863593957, 34.48218566780269, 34.482182713733216, 34.482179773789156, 34.482176854539006, 34.48217394952785, 34.482171058187774, 34.482168180828104, 34.48216532445477, 34.48216248151326, 34.48215965235399, 34.48215683677155, 34.482154041153194, 34.48215125926633, 34.48214849044879, 34.48214573507758, 34.482142999523035, 34.4821402771949, 34.48213756807626, 34.48213487216953, 34.48213219591513, 34.482129532580224, 34.48212688232189, 34.4821242447704, 34.48212161993539, 34.48211900809238, 34.4821164160177, 34.48211383679243, 34.48211127045524, 34.4821087168708, 34.48210617602218, 34.48210364769189, 34.4821011321796, 34.48209863609006, 34.48209615282817, 34.48209368243261, 34.482091224683465, 34.482088779629066, 34.48208634712683, 34.48208392737251, 34.482081519957674, 34.48207912508051, 34.48207674259601, 34.48207437931916, 34.482072028715315, 34.482069690591125, 34.48206736508194, 34.48206505209107, 34.482062751478374, 34.48206046327767, 34.4820581872038, 34.48205592367242, 34.48205367257962, 34.482051433918144, 34.48204920791758, 34.48204699445952, 34.48204479357295, 34.482042605470554, 34.48204042983089, 34.48203826669748, 34.48203611650289, 34.48203397901272, 34.48203185470304, 34.48202974423844, 34.48202764129451, 34.48202555313815, 34.48202347920629, 34.482021420088586, 34.482019377580635, 34.482017352165755, 34.482015344742955, 34.48201335544515, 34.48201138446808, 34.48200943214526, 34.48200749918235, 34.482005587935596, 34.48200369193317, 34.48200181946666, 34.48199997025088, 34.48199814463869, 34.481996343004646, 34.48199456317135, 34.481992804428295, 34.48199105997257, 34.48198933627117, 34.481987632775514, 34.481985947699684, 34.481984280992926, 34.481982631787666, 34.48198099382716, 34.48197937230238, 34.48197776771119, 34.48197617766591, 34.481974603906544, 34.48197303771376, 34.48197148655263, 34.481969949910834, 34.48196842681686, 34.481966918073056, 34.48196541564641, 34.481963927427344, 34.48196245246369, 34.48196099081103, 34.48195953559395, 34.48195809266079, 34.48195666233054, 34.481955243680034, 34.4819538300296, 34.481952428187014, 34.48195103765683, 34.48194965873147, 34.48194828382262, 34.48194692012709, 34.481945567470895, 34.4819442188312, 34.481942881124496, 34.48194155395688, 34.481940231047425, 34.481938918952544, 34.48193761794775, 34.481936327610114, 34.481935040629224, 34.48193376420192, 34.481932497943944, 34.481931235359305, 34.481929983038235, 34.48192874094209, 34.48192750188368, 34.481926272859276, 34.48192505368762, 34.48192383792346, 34.48192263195888, 34.48192142909005, 34.48192023570905, 34.48191905228954, 34.4819178717217, 34.48191670090994, 34.48191553963434, 34.481914381188666, 34.48191323238065, 34.48191208628413, 34.48191094953286, 34.48190982207125, 34.48190869715198, 34.48190758180753, 34.481906468771, 34.4819053652223, 34.48190427100193, 34.481903179058065, 34.48190209631203, 34.48190101606965, 34.481899944945354, 34.48189887596706, 34.48189781607785, 34.48189675860772, 34.481895710050246, 34.48189467049002, 34.48189363311447, 34.481892604545244, 34.481891578182434, 34.48189056086037, 34.481889545418476, 34.48188853886507, 34.481887534411754, 34.481886538854184, 34.48188554505595, 34.48188456013654, 34.4818835770393, 34.48188260267347, 34.48188163010323, 34.481880666216064, 34.4818797042284, 34.48187875071115, 34.48187779908614, 34.48187685607414, 34.48187591496405, 34.48187498236062, 34.481874051564866, 34.48187312940385, 34.48187220891517, 34.48187129707091, 34.48187038690139, 34.48186948511045, 34.481868585151354, 34.48186769343791, 34.48186680348622, 34.48186592187686, 34.48186504183592, 34.481864163418976, 34.48186329336611, 34.481862424857496, 34.48186156483621, 34.481860706335006, 34.48185985617855, 34.481859007520434, 34.48185816725781, 34.48185732851527, 34.48185649151756, 34.48185566242476, 34.48185483536922, 34.48185401634425, 34.48185319907862, 34.48185238303824, 34.48185157552627, 34.48185076922989, 34.48184997127341, 34.481849174626774, 34.48184837954613, 34.48184759264832, 34.481846807215014, 34.48184603003462, 34.48184525411572, 34.48184447970482, 34.48184371350817, 34.48184294858269, 34.4818421919802, 34.48184143644588, 34.48184068251381, 34.48183993678148, 34.481839192279246, 34.48183844905784, 34.48183771403859, 34.48183698024218, 34.48183624780877, 34.481835523420436, 34.48183480034919, 34.481834085402774, 34.48183337170577, 34.48183265930169, 34.481831954937846, 34.481831251939425, 34.4818305499415, 34.481829856302824, 34.481829163654986, 34.48182847244506, 34.481827789111044, 34.48182710698053, 34.48182642610427, 34.48182575327067, 34.48182508178074, 34.48182441127922, 34.48182374894845, 34.48182308801935, 34.48182242801099, 34.48182176923031, 34.4818211183932, 34.481820468759594, 34.481819820377815, 34.481819179855044, 34.48181854052368, 34.48181790238857, 34.481817272211536, 34.48181664310509, 34.48181601532298, 34.48181538860903, 34.48181476995466, 34.48181415227663, 34.48181353586492, 34.48181292737505, 34.48181231988809, 34.48181171375206, 34.48181110847152, 34.48181051137139, 34.4818099152621, 34.48180932035389, 34.48180873330951, 34.48180814732363, 34.48180756248083, 34.48180697863128, 34.48180640263107, 34.481805827766685, 34.48180525393905, 34.48180468114334, 34.4818041162187, 34.481803552386395, 34.481802989566674, 34.48180242780304, 34.481801873857314, 34.481801321071586, 34.481800769136534, 34.481800218433975, 34.48179967556383, 34.48179913368452, 34.48179859273804, 34.48179805298056, 34.48179752102649, 34.481796990167176, 34.481796460175445, 34.48179593128088, 34.48179541030331, 34.481794890130494, 34.48179437098959, 34.481793853098104, 34.48179333600412, 34.48179282673046, 34.48179231857814, 34.48179181126198, 34.48179130506232, 34.48179080645825, 34.48179030906492, 34.481789812582676, 34.48178931720002, 34.48178882256894, 34.481788335958775, 34.481787850107445, 34.48178736548136, 34.48178688160203, 34.48178639878361, 34.48178592381453, 34.48178544971786, 34.48178497679328, 34.481784504526026, 34.48178403349127, 34.48178357020435, 34.48178310779226, 34.48178264637826, 34.48178218590191, 34.481781726365654, 34.481781267759814, 34.48178081702989, 34.48178036712646, 34.48177991817278, 34.48177947028244, 34.481779023242765, 34.48177858401133, 34.481778145816655, 34.4817777082793, 34.48177727179562, 34.481776836266526, 34.48177640163159, 34.481775974727576, 34.48177554874914, 34.48177512369629, 34.48177469949169, 34.481774276294836, 34.48177385392931, 34.481773439311624, 34.481773025648515, 34.48177261282641, 34.4817722009178, 34.481771789975866, 34.48177137985559, 34.48177097742273, 34.481770575995206, 34.48177017528301, 34.48176977558098, 34.48176937667887, 34.48176897876276, 34.481768588579975, 34.48176819922128, 34.481767810710835, 34.4817674230873, 34.48176703638452, 34.48176665057348, 34.481766265646954, 34.481765888376415, 34.4817655119203, 34.481765136343846, 34.48176476169781, 34.48176438790002, 34.48176401486107, 34.48176364278153, 34.481763271591326, 34.481762907945956, 34.48176254532283, 34.48176218342954, 34.481761822418335, 34.481761462354456, 34.4817611030615, 34.481760744611954, 34.481760393801494, 34.48176004397462, 34.48175969491382, 34.48175934671819, 34.481758999334566, 34.48175865274602, 34.48175830702022, 34.48175796212334, 34.481757624909044, 34.48175728848258, 34.48175695293336, 34.481756618200976, 34.48175628424676, 34.48175595105379, 34.481755618788824, 34.481755287374526, 34.481754956699724, 34.48175463367125, 34.48175431149586, 34.48175399014214, 34.481753669518255, 34.48175334981753, 34.48175303078864, 34.481752712685335, 34.481752395381946, 34.481752078731056, 34.48175176986183, 34.48175146163302, 34.48175115436846, 34.48175084778298, 34.48175054214484, 34.48175023712536, 34.48174993302905, 34.48174962963599, 34.48174932712018, 34.48174902539462, 34.48174873123564, 34.48174843788141, 34.48174814522801, 34.48174785350261, 34.48174756247321, 34.48174727223889, 34.481746982724744, 34.481746693996016, 34.48174640608411, 34.481746118923795, 34.481745832500565, 34.48174555367774, 34.48174527584575, 34.48174499848502, 34.48174472197978, 34.48174444623821, 34.48174417121197, 34.48174389708957, 34.481743623602746, 34.48174335090618, 34.481743078898354, 34.481742807840284, 34.481742544017706, 34.48174228135996, 34.4817420191638, 34.481741757832815, 34.48174149722924, 34.481741237369995, 34.481740978124584, 34.481740719836175, 34.48174046211568, 34.48174020516127, 34.481739949064774, 34.48173969359903, 34.48173943888246, 34.48173919169379, 34.48173894527121, 34.48173869969446, 34.48173845458413, 34.48173821044046, 34.48173796691547, 34.4817377240623, 34.48173748203563, 34.481737240700134, 34.48173700006547, 34.48173676008572, 34.48173652089139, 34.481736282417216, 34.481736044602805, 34.481735807515804, 34.48173557796638, 34.48173534910088, 34.481735120986954, 34.48173489347962, 34.481734666806034, 34.48173444078011, 34.481734215387355, 34.48173399076552, 34.48173376686868, 34.481733543566335, 34.48173332103975, 34.481733099286494, 34.48173287802865, 34.48173265744265, 34.48173243770731, 34.481732218619634, 34.48173200699704, 34.481731796055946, 34.48173158584227, 34.48173137625934, 34.48173116730717, 34.48173095920324, 34.48173075164064, 34.4817305446943, 34.48173033865662, 34.48173013309261, 34.48172992827293, 34.48172972406467, 34.48172952055724, 34.48172931771439, 34.4817291155603, 34.4817289139862, 34.481728713199935, 34.48172851302026, 34.481728313507574, 34.48172812136573, 34.481727930006876, 34.481727739348855, 34.481727549166926, 34.48172735976557, 34.48172717091522, 34.481726982816454, 34.48172679529769, 34.48172660848217, 34.4817264222539, 34.48172623665638, 34.48172605167994, 34.48172586738984, 34.48172568374982, 34.4817255007043, 34.481725318381365, 34.48172513670368, 34.481724955547996, 34.481724774923975, 34.481724595167535, 34.481724415889595, 34.48172423738983, 34.48172406615939, 34.48172389563703, 34.48172372572609, 34.48172355639273, 34.48172338771912, 34.481723219712514, 34.481723052244824, 34.48172288529913, 34.48172271919444, 34.481722553611746, 34.48172238860905, 34.48172222420811, 34.48172206043792, 34.48172189726947, 34.48172173471003, 34.481721572704004, 34.481721411480976, 34.48172125061078, 34.48172109055259, 34.481720930970475, 34.481720771992535, 34.481720613592174, 34.481720455798396, 34.48172029868853, 34.48172014199434, 34.481719986071056, 34.48171983056586, 34.48171968263933, 34.48171953519613, 34.48171938832568, 34.481719242071485, 34.48171909633203, 34.4817189512765, 34.4817188067913, 34.481718662820846, 34.48171851945457, 34.4817183766562, 34.481718234404, 34.48171809275113, 34.48171795172418, 34.48171781122648, 34.48171767120728, 34.48171753188166, 34.481717393007955, 34.481717254757754, 34.48171711707547, 34.481716979990104, 34.4817168434799, 34.48171670728628, 34.4817165718805, 34.48171643691212, 34.481716302644585, 34.48171616882655, 34.48171603555468, 34.48171590277823, 34.48171577068569, 34.48171563905715, 34.48171550794578, 34.48171537741441, 34.4817152474872, 34.481715117995, 34.48171498908038, 34.48171486756317, 34.481714746548626, 34.48171462602225, 34.48171450601788, 34.48171438662009, 34.48171426778538, 34.481714149460586, 34.481714031592546, 34.48171391433109, 34.48171379750946, 34.481713681321, 34.48171356558687, 34.48171345034816, 34.48171333567254, 34.481713221530995, 34.48171310782445, 34.48171299472932, 34.481712882059526, 34.4817127698924, 34.48171265832219, 34.48171254735131, 34.48171243667768, 34.48171232655264, 34.48171221698584, 34.481712107960384, 34.48171199936508, 34.481711891282124, 34.48171178375016, 34.48171167662903, 34.4817115701314, 34.48171146411227, 34.481711358409726, 34.48171125335968, 34.48171114877605, 34.481711044712, 34.481710941044284, 34.48171083787199, 34.48171073527003, 34.48171063308373, 34.481710531412176, 34.481710430318216, 34.48171032957225, 34.481710229307204, 34.4817101296584, 34.481710030239185, 34.48170993150872, 34.481709833215675, 34.48170973536246, 34.48170963801674, 34.48170954103594, 34.48170944462064, 34.48170934861134, 34.481709259934206, 34.481709171730735, 34.48170908401785, 34.48170899666505, 34.48170890988258, 34.481708823530276, 34.48170873768547, 34.481708652188665, 34.481708567225944, 34.48170848263056, 34.48170839864659, 34.48170831496953, 34.48170823175648, 34.48170814910651, 34.48170806675137, 34.48170798483848, 34.48170790358776, 34.48170782260287, 34.48170774206023, 34.48170766200576, 34.4817075824032, 34.481707503204234, 34.48170742444026, 34.48170734613545, 34.481707268231816, 34.48170719079217, 34.481707113843115, 34.48170703718406, 34.48170696111709, 34.481706885395695, 34.48170681001022, 34.4817067351685, 34.48170666071586, 34.48170658667888, 34.48170651309866, 34.48170643984227, 34.48170636704504, 34.48170629476257, 34.48170622287884, 34.481706151355205, 34.481706080264146, 34.48170600948, 34.48170593924686, 34.48170586942697, 34.48170580003241, 34.48170573085777, 34.4817056623187, 34.48170559400681, 34.481705526214505, 34.481705458726694, 34.481705391678716, 34.481705325222826, 34.481705258870846, 34.4817051930602, 34.481705127624146, 34.481705062548166, 34.48170499796277, 34.48170493362146, 34.481704869794896, 34.48170480636225, 34.481704743265524, 34.4817046805023, 34.48170461817649, 34.481704556222844, 34.481704494699365, 34.48170443363747, 34.48170437274474, 34.481704312374006, 34.48170425235853, 34.48170419269347, 34.48170413345857, 34.48170407455234, 34.48170401599894, 34.48170395776697, 34.481703900023156, 34.48170384271434, 34.481703785579526, 34.48170372891113, 34.4817036725859, 34.48170361668358, 34.481703561090605, 34.48170350584562, 34.481703451001806, 34.481703396551914, 34.4817033424621, 34.48170328864295, 34.48170323519838, 34.48170318212598, 34.48170312947892, 34.48170307701069, 34.481703025052376, 34.48170297339856, 34.481702922054076, 34.481702871142176, 34.48170282048645, 34.48170277021013, 34.48170272031323, 34.48170267069183, 34.481702628293846, 34.481702586205195, 34.48170254444762, 34.48170250308639, 34.481702462102156, 34.481702421301584, 34.481702380928766, 34.48170234088461, 34.48170230106521, 34.48170226174606, 34.48170222266132, 34.481702183939085, 34.48170214559385, 34.48170210738878, 34.48170206970087, 34.4817020322643, 34.48170199513948, 34.48170195836991, 34.48170192191692, 34.481701885797435, 34.481701849914785, 34.48170181443088, 34.481701779200726, 34.48170174427507, 34.48170170981583, 34.48170167554026, 34.48170164152327, 34.48170160789778, 34.48170157465413, 34.48170154157722, 34.4817015089184, 34.48170147653025, 34.481701444333005, 34.48170141259735, 34.48170138100911, 34.481701349834125, 34.481701319007136, 34.48170128838314, 34.48170125813857, 34.48170122807041, 34.48170119833334, 34.481701168968435, 34.481701139837945, 34.48170111099021, 34.481701082497715, 34.48170105421306, 34.48170102626432, 34.481700998593496, 34.48170097119576, 34.48170094417743, 34.48170091733069, 34.48170089076428, 34.481700864516874, 34.4817008385063, 34.481700812790564, 34.48170078734307, 34.48170076227741, 34.481700737405085, 34.481700712839675, 34.481700688494186, 34.48170066446528, 34.48170064068287, 34.4817006172243, 34.481700593942136, 34.48170057103698, 34.48170054829857, 34.48170052585983, 34.48170050376908, 34.48170048181126, 34.48170046019177, 34.48170043882119, 34.48170041770437, 34.481700396904124, 34.48170037633588, 34.48170035600205, 34.48170033590506, 34.48170031607874, 34.481700296564156, 34.48170027716558, 34.481700258127084, 34.48170023945834, 34.48170022078235, 34.48170020239877, 34.481700184467115, 34.481700166653866, 34.481700148985624, 34.48170013174271, 34.48170011475839, 34.48170009778131, 34.481700081292395, 34.481700064888074, 34.48170004869158, 34.48170003293733, 34.48170001735467, 34.481700001856595, 34.481699986706516, 34.4816999718126, 34.48169995707819, 34.48169994261686, 34.48169992840204, 34.48169991440471, 34.48169990068529, 34.481699887089135, 34.481699873787804, 34.48169986078131, 34.48169984791498, 34.4816998352444, 34.481699822846906, 34.48169981070558, 34.48169979871408, 34.4816997869425, 34.4816997755165, 34.48169976413642, 34.48169975307293, 34.481699742239016, 34.48169973162502, 34.481699721110104, 34.48169971094561, 34.4816997008802, 34.48169969112895, 34.481699681433284, 34.48169967213879, 34.48169966296271, 34.48169965393647, 34.48169964527755, 34.481699636732216, 34.48169962838022, 34.48169962024573, 34.481699612290065, 34.48169960457848, 34.48169959700465, 34.48169958966282, 34.48169958251191, 34.48169957558333, 34.48169956889641, 34.48169956240766, 34.48169955606875, 34.48169954994008, 34.481699543973335, 34.48169953818784, 34.48169953259084, 34.481699527288676, 34.48169952204209, 34.481699517066176, 34.481699512269095, 34.48169950762185, 34.48169950327185, 34.481699498977434, 34.48169949488844, 34.48169949107977, 34.48169948728077, 34.4816994838346, 34.48169948049961, 34.48169947730236, 34.48169947438786, 34.48169947154103, 34.48169946896003, 34.48169946656753, 34.4816994642282, 34.48169946213053, 34.48169946024553, 34.481699458498284, 34.48169945685495, 34.4816994555137, 34.481699454336784, 34.4816994532517, 34.4816994523527, 34.4816994516132, 34.481699451100866, 34.48169945071662, 34.48169945047012, 34.481699450407284, 34.481699450477365, 34.48169945072145, 34.481699451132286, 34.481699451666366, 34.4816994524687, 34.4816994534112, 34.4816994544262, 34.48169945563212, 34.48169945708936, 34.481699458669866]

cols >>> ['speed-lvs-pussay', 'speed-parc-du-gatinais', 'speed-arville', 'speed-boissy-la-riviere', 'speed-angerville-1', 'speed-lvs-pussay-b', 'speed-parc-du-gatinais-b', 'speed-arville-b', 'speed-boissy-la-riviere-b', 'speed-angerville-1-b']

feature_kwargs >>> {'lags_period': [1], 'lags_columns': ['speed-lvs-pussay', 'speed-parc-du-gatinais', 'speed-arville', 'speed-boissy-la-riviere', 'speed-angerville-1', 'speed-lvs-pussay-b', 'speed-parc-du-gatinais-b', 'speed-arville-b', 'speed-boissy-la-riviere-b', 'speed-angerville-1-b']}

feature_splits >>> {'train_pctg': 0.8, 'val_pctg': 0.1, 'test_pctg': 0.1}

optimizer >>> Adam (
Parameter Group 0
    amsgrad: False
    betas: (0.9, 0.999)
    eps: 1e-08
    lr: 0.0001
    weight_decay: 10
)

test_loss >>> {'train': 14.128038230619048, 'val': 34.481699450407284, 'test': 27.62607870499906}

baseline_test_loss >>> {'train': 12.102629274371793, 'val': 21.028711076796753, 'test': 20.528131573104474}

